0 1 0.166667
1 1 0.166667
1 1 0.166667
2 1 0.166667
3 1 0.166667
4 1 0.166667
756 1 0.166667
1 2 0.041667
5 2 0.041667
6 2 0.041667
7 2 0.041667
8 2 0.041667
9 2 0.041667
10 2 0.041667
11 2 0.041667
12 2 0.041667
13 2 0.041667
14 2 0.041667
15 2 0.041667
16 2 0.041667
17 2 0.041667
18 2 0.041667
19 2 0.041667
20 2 0.041667
21 2 0.041667
22 2 0.041667
23 2 0.041667
24 2 0.041667
25 2 0.041667
26 2 0.041667
694 2 0.041667
1 3 0.333333
27 3 0.333333
93 3 0.333333
1 4 0.333333
24 4 0.333333
336 4 0.333333
1 756 1.0
2 5 0.333333
19 5 0.333333
716 5 0.333333
2 6 0.25
660 6 0.25
28 6 0.25
223 6 0.25
2 7 0.5
29 7 0.5
2 8 0.333333
33 8 0.333333
30 8 0.333333
2 9 0.5
31 9 0.5
2 10 0.111111
32 10 0.111111
33 10 0.111111
35 10 0.111111
36 10 0.111111
37 10 0.111111
38 10 0.111111
39 10 0.111111
34 10 0.111111
2 11 0.2
320 11 0.2
773 11 0.2
710 11 0.2
31 11 0.2
2 12 0.2
40 12 0.2
41 12 0.2
67 12 0.2
42 12 0.2
2 13 0.25
608 13 0.25
42 13 0.25
495 13 0.25
2 14 0.071429
356 14 0.071429
361 14 0.071429
42 14 0.071429
338 14 0.071429
782 14 0.071429
305 14 0.071429
498 14 0.071429
211 14 0.071429
661 14 0.071429
563 14 0.071429
439 14 0.071429
665 14 0.071429
475 14 0.071429
2 15 0.333333
67 15 0.333333
43 15 0.333333
2 16 0.333333
67 16 0.333333
44 16 0.333333
2 17 0.142857
48 17 0.142857
49 17 0.142857
309 17 0.142857
45 17 0.142857
46 17 0.142857
47 17 0.142857
2 18 0.5
50 18 0.5
2 19 0.111111
5 19 0.111111
768 19 0.111111
51 19 0.111111
820 19 0.111111
361 19 0.111111
603 19 0.111111
620 19 0.111111
499 19 0.111111
2 20 0.25
67 20 0.25
51 20 0.25
90 20 0.25
2 21 0.25
449 21 0.25
52 21 0.25
53 21 0.25
2 22 0.166667
806 22 0.166667
54 22 0.166667
471 22 0.166667
186 22 0.166667
39 22 0.166667
2 23 0.166667
304 23 0.166667
356 23 0.166667
690 23 0.166667
55 23 0.166667
578 23 0.166667
2 24 0.111111
4 24 0.111111
48 24 0.111111
360 24 0.111111
401 24 0.111111
56 24 0.111111
781 24 0.111111
286 24 0.111111
287 24 0.111111
2 25 0.333333
56 25 0.333333
338 25 0.333333
2 26 0.2
528 26 0.2
57 26 0.2
587 26 0.2
300 26 0.2
2 694 1.0
3 27 0.333333
58 27 0.333333
214 27 0.333333
3 93 0.333333
52 93 0.333333
396 93 0.333333
4 336 0.1
40 336 0.1
46 336 0.1
291 336 0.1
322 336 0.1
354 336 0.1
355 336 0.1
356 336 0.1
357 336 0.1
358 336 0.1
5 716 1.0
6 660 1.0
6 28 0.111111
97 28 0.111111
114 28 0.111111
595 28 0.111111
497 28 0.111111
73 28 0.111111
59 28 0.111111
647 28 0.111111
803 28 0.111111
6 223 0.333333
155 223 0.333333
174 223 0.333333
7 29 0.142857
736 29 0.142857
467 29 0.142857
486 29 0.142857
648 29 0.142857
60 29 0.142857
557 29 0.142857
8 33 0.2
10 33 0.2
432 33 0.2
282 33 0.2
374 33 0.2
8 30 0.2
480 30 0.2
42 30 0.2
299 30 0.2
61 30 0.2
9 31 0.2
11 31 0.2
549 31 0.2
62 31 0.2
783 31 0.2
10 32 0.333333
225 32 0.333333
63 32 0.333333
10 35 0.166667
69 35 0.166667
70 35 0.166667
568 35 0.166667
582 35 0.166667
63 35 0.166667
10 36 0.1
544 36 0.1
65 36 0.1
66 36 0.1
545 36 0.1
289 36 0.1
520 36 0.1
130 36 0.1
366 36 0.1
285 36 0.1
10 37 0.1
568 37 0.1
65 37 0.1
66 37 0.1
67 37 0.1
68 37 0.1
69 37 0.1
70 37 0.1
71 37 0.1
72 37 0.1
10 38 0.333333
73 38 0.333333
139 38 0.333333
10 39 0.076923
22 39 0.076923
224 39 0.076923
225 39 0.076923
162 39 0.076923
167 39 0.076923
331 39 0.076923
332 39 0.076923
81 39 0.076923
82 39 0.076923
435 39 0.076923
343 39 0.076923
154 39 0.076923
10 34 0.333333
64 34 0.333333
56 34 0.333333
11 320 0.2
265 320 0.2
514 320 0.2
717 320 0.2
414 320 0.2
11 773 1.0
11 710 1.0
12 40 0.166667
336 40 0.166667
747 40 0.166667
74 40 0.166667
75 40 0.166667
335 40 0.166667
12 41 0.2
76 41 0.2
570 41 0.2
75 41 0.2
714 41 0.2
12 67 0.111111
15 67 0.111111
16 67 0.111111
20 67 0.111111
37 67 0.111111
337 67 0.111111
326 67 0.111111
456 67 0.111111
571 67 0.111111
12 42 0.2
13 42 0.2
14 42 0.2
30 42 0.2
556 42 0.2
13 608 1.0
13 495 0.333333
592 495 0.333333
692 495 0.333333
14 356 0.071429
23 356 0.071429
79 356 0.071429
80 356 0.071429
162 356 0.071429
187 356 0.071429
206 356 0.071429
336 356 0.071429
736 356 0.071429
377 356 0.071429
378 356 0.071429
379 356 0.071429
380 356 0.071429
507 356 0.071429
14 361 0.2
19 361 0.2
343 361 0.2
519 361 0.2
509 361 0.2
14 338 0.333333
25 338 0.333333
291 338 0.333333
14 782 1.0
14 305 0.333333
242 305 0.333333
313 305 0.333333
14 498 0.5
592 498 0.5
14 211 0.25
144 211 0.25
369 211 0.25
370 211 0.25
14 661 1.0
14 563 0.5
480 563 0.5
14 439 0.2
263 439 0.2
432 439 0.2
450 439 0.2
779 439 0.2
14 665 1.0
14 475 0.5
531 475 0.5
15 43 0.071429
97 43 0.071429
795 43 0.071429
425 43 0.071429
306 43 0.071429
365 43 0.071429
77 43 0.071429
497 43 0.071429
178 43 0.071429
566 43 0.071429
73 43 0.071429
185 43 0.071429
250 43 0.071429
606 43 0.071429
16 44 0.2
689 44 0.2
419 44 0.2
470 44 0.2
78 44 0.2
17 48 0.25
24 48 0.25
514 48 0.25
84 48 0.25
17 49 0.333333
514 49 0.333333
85 49 0.333333
17 309 0.166667
245 309 0.166667
466 309 0.166667
744 309 0.166667
681 309 0.166667
746 309 0.166667
17 45 0.25
80 45 0.25
514 45 0.25
79 45 0.25
17 46 0.1
336 46 0.1
82 46 0.1
291 46 0.1
81 46 0.1
400 46 0.1
514 46 0.1
91 46 0.1
812 46 0.1
274 46 0.1
17 47 0.142857
272 47 0.142857
83 47 0.142857
277 47 0.142857
536 47 0.142857
424 47 0.142857
815 47 0.142857
18 50 0.125
86 50 0.125
569 50 0.125
57 50 0.125
58 50 0.125
796 50 0.125
493 50 0.125
302 50 0.125
19 768 1.0
19 51 0.1
20 51 0.1
404 51 0.1
407 51 0.1
87 51 0.1
88 51 0.1
89 51 0.1
90 51 0.1
91 51 0.1
92 51 0.1
19 820 1.0
19 603 1.0
19 620 1.0
19 499 0.333333
596 499 0.333333
815 499 0.333333
20 90 0.2
51 90 0.2
74 90 0.2
112 90 0.2
511 90 0.2
21 449 0.333333
95 449 0.333333
474 449 0.333333
21 52 0.166667
779 52 0.166667
549 52 0.166667
697 52 0.166667
347 52 0.166667
93 52 0.166667
21 53 0.25
536 53 0.25
785 53 0.25
94 53 0.25
22 806 1.0
22 54 0.166667
96 54 0.166667
97 54 0.166667
466 54 0.166667
94 54 0.166667
95 54 0.166667
22 471 0.5
515 471 0.5
22 186 0.333333
120 186 0.333333
129 186 0.333333
23 304 0.166667
78 304 0.166667
242 304 0.166667
398 304 0.166667
342 304 0.166667
314 304 0.166667
23 690 0.142857
160 690 0.142857
183 690 0.142857
348 690 0.142857
517 690 0.142857
518 690 0.142857
519 690 0.142857
23 55 0.25
79 55 0.25
404 55 0.25
405 55 0.25
23 578 1.0
24 360 0.25
342 360 0.25
572 360 0.25
533 360 0.25
24 401 0.333333
396 401 0.333333
531 401 0.333333
24 56 0.05
25 56 0.05
34 56 0.05
98 56 0.05
99 56 0.05
100 56 0.05
101 56 0.05
102 56 0.05
103 56 0.05
104 56 0.05
105 56 0.05
106 56 0.05
107 56 0.05
108 56 0.05
110 56 0.05
109 56 0.05
177 56 0.05
763 56 0.05
156 56 0.05
607 56 0.05
24 781 1.0
24 286 0.5
220 286 0.5
24 287 0.25
220 287 0.25
497 287 0.25
725 287 0.25
26 528 0.5
702 528 0.5
26 57 0.142857
50 57 0.142857
82 57 0.142857
104 57 0.142857
108 57 0.142857
638 57 0.142857
191 57 0.142857
26 587 1.0
26 300 0.166667
238 300 0.166667
324 300 0.166667
343 300 0.166667
826 300 0.166667
735 300 0.166667
27 58 0.2
50 58 0.2
776 58 0.2
108 58 0.2
106 58 0.2
27 214 0.1
146 214 0.1
267 214 0.1
537 214 0.1
263 214 0.1
264 214 0.1
265 214 0.1
266 214 0.1
541 214 0.1
238 214 0.1
28 97 0.1
43 97 0.1
54 97 0.1
741 97 0.1
235 97 0.1
517 97 0.1
684 97 0.1
234 97 0.1
614 97 0.1
701 97 0.1
28 114 0.125
62 114 0.125
95 114 0.125
753 114 0.125
802 114 0.125
451 114 0.125
262 114 0.125
604 114 0.125
28 595 1.0
28 497 0.1
43 497 0.1
95 497 0.1
210 497 0.1
287 497 0.1
383 497 0.1
454 497 0.1
455 497 0.1
456 497 0.1
592 497 0.1
28 73 0.2
38 73 0.2
43 73 0.2
71 73 0.2
404 73 0.2
28 59 0.2
425 59 0.2
715 59 0.2
613 59 0.2
110 59 0.2
28 647 1.0
28 803 1.0
29 736 0.166667
151 736 0.166667
243 736 0.166667
294 736 0.166667
356 736 0.166667
399 736 0.166667
29 467 0.25
577 467 0.25
514 467 0.25
788 467 0.25
29 486 0.333333
548 486 0.333333
549 486 0.333333
29 648 1.0
29 60 0.125
195 60 0.125
196 60 0.125
549 60 0.125
711 60 0.125
376 60 0.125
580 60 0.125
111 60 0.125
29 557 1.0
30 480 0.166667
563 480 0.166667
564 480 0.166667
613 480 0.166667
534 480 0.166667
666 480 0.166667
30 299 0.25
77 299 0.25
237 299 0.25
515 299 0.25
30 61 0.166667
112 61 0.166667
417 61 0.166667
363 61 0.166667
525 61 0.166667
527 61 0.166667
31 549 0.125
52 549 0.125
60 549 0.125
121 549 0.125
436 549 0.125
486 549 0.125
487 549 0.125
815 549 0.125
31 62 0.083333
64 62 0.083333
145 62 0.083333
146 62 0.083333
462 62 0.083333
463 62 0.083333
464 62 0.083333
113 62 0.083333
114 62 0.083333
115 62 0.083333
116 62 0.083333
117 62 0.083333
31 783 0.5
487 783 0.5
32 225 0.090909
39 225 0.090909
158 225 0.090909
206 225 0.090909
210 225 0.090909
292 225 0.090909
230 225 0.090909
276 225 0.090909
443 225 0.090909
252 225 0.090909
290 225 0.090909
32 63 0.166667
35 63 0.166667
118 63 0.166667
760 63 0.166667
281 63 0.166667
636 63 0.166667
33 432 0.166667
425 432 0.166667
729 432 0.166667
439 432 0.166667
490 432 0.166667
715 432 0.166667
33 282 0.25
220 282 0.25
264 282 0.25
375 282 0.25
33 374 0.333333
353 374 0.333333
584 374 0.333333
34 64 0.333333
62 64 0.333333
119 64 0.333333
35 69 0.333333
37 69 0.333333
328 69 0.333333
35 70 0.25
37 70 0.25
683 70 0.25
101 70 0.25
35 568 0.5
37 568 0.5
35 582 1.0
36 544 0.5
811 544 0.5
36 65 0.2
37 65 0.2
120 65 0.2
121 65 0.2
326 65 0.2
36 66 0.5
37 66 0.5
36 545 0.5
812 545 0.5
36 289 0.333333
221 289 0.333333
674 289 0.333333
36 520 0.5
692 520 0.5
36 130 0.25
79 130 0.25
143 130 0.25
767 130 0.25
36 366 0.5
345 366 0.5
36 285 0.5
220 285 0.5
37 68 0.25
121 68 0.25
348 68 0.25
797 68 0.25
37 71 0.25
73 71 0.25
316 71 0.25
797 71 0.25
37 72 0.142857
184 72 0.142857
88 72 0.142857
122 72 0.142857
523 72 0.142857
200 72 0.142857
797 72 0.142857
38 139 0.333333
85 139 0.333333
152 139 0.333333
39 224 0.5
155 224 0.5
39 162 0.2
107 162 0.2
355 162 0.2
356 162 0.2
231 162 0.2
39 167 0.25
108 167 0.25
233 167 0.25
729 167 0.25
39 331 0.333333
258 331 0.333333
277 331 0.333333
39 332 0.166667
280 332 0.166667
322 332 0.166667
757 332 0.166667
397 332 0.166667
654 332 0.166667
39 81 0.2
46 81 0.2
424 81 0.2
659 81 0.2
221 81 0.2
39 82 0.125
46 82 0.125
57 82 0.125
632 82 0.125
772 82 0.125
136 82 0.125
567 82 0.125
319 82 0.125
39 435 0.125
430 435 0.125
720 435 0.125
482 435 0.125
516 435 0.125
437 435 0.125
599 435 0.125
719 435 0.125
39 343 0.142857
111 343 0.142857
300 343 0.142857
308 343 0.142857
314 343 0.142857
384 343 0.142857
361 343 0.142857
39 154 0.333333
99 154 0.333333
384 154 0.333333
40 747 1.0
40 74 0.125
91 74 0.125
90 74 0.125
122 74 0.125
123 74 0.125
124 74 0.125
125 74 0.125
110 74 0.125
40 75 0.2
41 75 0.2
244 75 0.2
126 75 0.2
88 75 0.2
40 335 0.333333
151 335 0.333333
291 335 0.333333
41 76 0.5
95 76 0.5
41 570 1.0
41 714 1.0
42 556 1.0
43 795 1.0
43 425 0.045455
59 425 0.045455
94 425 0.045455
95 425 0.045455
96 425 0.045455
110 425 0.045455
218 425 0.045455
235 425 0.045455
317 425 0.045455
417 425 0.045455
419 425 0.045455
421 425 0.045455
422 425 0.045455
423 425 0.045455
427 425 0.045455
584 425 0.045455
426 425 0.045455
428 425 0.045455
429 425 0.045455
430 425 0.045455
431 425 0.045455
432 425 0.045455
43 306 0.5
243 306 0.5
43 365 0.2
344 365 0.2
696 365 0.2
703 365 0.2
383 365 0.2
43 77 0.142857
98 77 0.142857
291 77 0.142857
763 77 0.142857
299 77 0.142857
459 77 0.142857
127 77 0.142857
43 178 0.5
115 178 0.5
43 566 1.0
43 185 0.25
119 185 0.25
441 185 0.25
815 185 0.25
43 250 0.5
190 250 0.5
43 606 1.0
44 689 1.0
44 419 0.2
413 419 0.2
425 419 0.2
715 419 0.2
613 419 0.2
44 470 0.333333
249 470 0.333333
514 470 0.333333
44 78 0.090909
128 78 0.090909
129 78 0.090909
446 78 0.090909
677 78 0.090909
80 78 0.090909
444 78 0.090909
542 78 0.090909
304 78 0.090909
445 78 0.090909
239 78 0.090909
45 80 0.166667
78 80 0.166667
113 80 0.166667
356 80 0.166667
433 80 0.166667
539 80 0.166667
45 514 0.071429
46 514 0.071429
48 514 0.071429
49 514 0.071429
320 514 0.071429
384 514 0.071429
466 514 0.071429
467 514 0.071429
468 514 0.071429
469 514 0.071429
470 514 0.071429
680 514 0.071429
681 514 0.071429
745 514 0.071429
45 79 0.090909
55 79 0.090909
657 79 0.090909
130 79 0.090909
131 79 0.090909
132 79 0.090909
133 79 0.090909
134 79 0.090909
356 79 0.090909
135 79 0.090909
418 79 0.090909
46 291 0.111111
77 291 0.111111
222 291 0.111111
336 291 0.111111
337 291 0.111111
338 291 0.111111
634 291 0.111111
334 291 0.111111
335 291 0.111111
46 400 0.2
395 400 0.2
815 400 0.2
404 400 0.2
663 400 0.2
46 91 0.25
51 91 0.25
74 91 0.25
550 91 0.25
46 812 0.25
112 812 0.25
334 812 0.25
545 812 0.25
46 274 0.25
220 274 0.25
410 274 0.25
686 274 0.25
47 272 0.333333
220 272 0.333333
565 272 0.333333
47 83 0.25
384 83 0.25
137 83 0.25
644 83 0.25
47 277 0.1
220 277 0.1
328 277 0.1
392 277 0.1
729 277 0.1
327 277 0.1
296 277 0.1
329 277 0.1
330 277 0.1
331 277 0.1
47 536 0.142857
53 536 0.142857
204 536 0.142857
208 536 0.142857
482 536 0.142857
758 536 0.142857
797 536 0.142857
47 424 0.25
81 424 0.25
420 424 0.25
695 424 0.25
47 815 0.04
133 815 0.04
160 815 0.04
185 815 0.04
256 815 0.04
308 815 0.04
352 815 0.04
359 815 0.04
400 815 0.04
404 815 0.04
415 815 0.04
473 815 0.04
489 815 0.04
499 815 0.04
511 815 0.04
512 815 0.04
513 815 0.04
525 815 0.04
529 815 0.04
546 815 0.04
547 815 0.04
548 815 0.04
549 815 0.04
550 815 0.04
551 815 0.04
48 84 0.5
138 84 0.5
49 85 0.25
139 85 0.25
675 85 0.25
715 85 0.25
50 86 0.166667
163 86 0.166667
761 86 0.166667
506 86 0.166667
140 86 0.166667
381 86 0.166667
50 569 1.0
50 796 1.0
50 493 0.333333
818 493 0.333333
581 493 0.333333
50 302 0.333333
241 302 0.333333
352 302 0.333333
51 404 0.083333
55 404 0.083333
73 404 0.083333
169 404 0.083333
189 404 0.083333
400 404 0.083333
407 404 0.083333
815 404 0.083333
405 404 0.083333
406 404 0.083333
408 404 0.083333
409 404 0.083333
51 407 0.333333
404 407 0.333333
415 407 0.333333
51 87 0.090909
144 87 0.090909
368 87 0.090909
770 87 0.090909
651 87 0.090909
438 87 0.090909
631 87 0.090909
639 87 0.090909
141 87 0.090909
142 87 0.090909
143 87 0.090909
51 88 0.090909
72 88 0.090909
75 88 0.090909
145 88 0.090909
146 88 0.090909
147 88 0.090909
149 88 0.090909
116 88 0.090909
377 88 0.090909
148 88 0.090909
126 88 0.090909
51 89 0.25
146 89 0.25
148 89 0.25
150 89 0.25
51 92 0.333333
96 92 0.333333
151 92 0.333333
52 779 0.5
439 779 0.5
52 697 1.0
52 347 0.333333
315 347 0.333333
809 347 0.333333
53 785 1.0
53 94 0.166667
54 94 0.166667
649 94 0.166667
152 94 0.166667
425 94 0.166667
447 94 0.166667
54 96 0.333333
92 96 0.333333
425 96 0.333333
54 466 0.25
242 466 0.25
309 466 0.25
514 466 0.25
54 95 0.071429
76 95 0.071429
95 95 0.071429
449 95 0.071429
278 95 0.071429
425 95 0.071429
637 95 0.071429
497 95 0.071429
114 95 0.071429
695 95 0.071429
409 95 0.071429
346 95 0.071429
413 95 0.071429
95 95 0.071429
55 405 0.111111
169 405 0.111111
402 405 0.111111
404 405 0.111111
704 405 0.111111
437 405 0.111111
410 405 0.111111
411 405 0.111111
476 405 0.111111
56 98 0.25
77 98 0.25
153 98 0.25
205 98 0.25
56 99 0.333333
154 99 0.333333
693 99 0.333333
56 100 0.333333
155 100 0.333333
679 100 0.333333
56 101 0.2
70 101 0.2
155 101 0.2
284 101 0.2
159 101 0.2
56 102 0.333333
171 102 0.333333
156 102 0.333333
56 103 0.5
157 103 0.5
56 104 0.142857
57 104 0.142857
787 104 0.142857
159 104 0.142857
412 104 0.142857
158 104 0.142857
303 104 0.142857
56 105 0.5
160 105 0.5
56 106 0.2
58 106 0.2
161 106 0.2
412 106 0.2
157 106 0.2
56 107 0.2
297 107 0.2
162 107 0.2
641 107 0.2
303 107 0.2
56 108 0.1
57 108 0.1
58 108 0.1
168 108 0.1
163 108 0.1
164 108 0.1
165 108 0.1
166 108 0.1
167 108 0.1
303 108 0.1
56 110 0.052632
59 110 0.052632
74 110 0.052632
128 110 0.052632
778 110 0.052632
715 110 0.052632
774 110 0.052632
743 110 0.052632
776 110 0.052632
425 110 0.052632
695 110 0.052632
396 110 0.052632
811 110 0.052632
775 110 0.052632
531 110 0.052632
533 110 0.052632
169 110 0.052632
572 110 0.052632
777 110 0.052632
56 109 0.333333
363 109 0.333333
165 109 0.333333
56 177 0.25
115 177 0.25
633 177 0.25
634 177 0.25
56 763 0.25
77 763 0.25
345 763 0.25
538 763 0.25
56 156 0.25
102 156 0.25
680 156 0.25
746 156 0.25
56 607 1.0
57 638 1.0
57 191 0.333333
126 191 0.333333
577 191 0.333333
58 776 0.5
110 776 0.5
59 715 0.083333
85 715 0.083333
110 715 0.083333
118 715 0.083333
140 715 0.083333
417 715 0.083333
419 715 0.083333
432 715 0.083333
490 715 0.083333
531 715 0.083333
532 715 0.083333
533 715 0.083333
59 613 0.333333
419 613 0.333333
480 613 0.333333
60 195 0.333333
128 195 0.333333
531 195 0.333333
60 196 0.25
128 196 0.25
531 196 0.25
533 196 0.25
60 711 1.0
60 376 0.333333
354 376 0.333333
695 376 0.333333
60 580 1.0
60 111 0.2
169 111 0.2
275 111 0.2
165 111 0.2
343 111 0.2
61 112 0.083333
90 112 0.083333
246 112 0.083333
172 112 0.083333
170 112 0.083333
171 112 0.083333
812 112 0.083333
719 112 0.083333
496 112 0.083333
822 112 0.083333
468 112 0.083333
662 112 0.083333
61 417 0.2
413 417 0.2
425 417 0.2
695 417 0.2
715 417 0.2
61 363 0.25
109 363 0.25
344 363 0.25
382 363 0.25
61 525 0.333333
696 525 0.333333
815 525 0.333333
61 527 0.5
696 527 0.5
62 145 0.333333
88 145 0.333333
152 145 0.333333
62 146 0.090909
88 146 0.090909
89 146 0.090909
152 146 0.090909
212 146 0.090909
213 146 0.090909
214 146 0.090909
215 146 0.090909
217 146 0.090909
216 146 0.090909
269 146 0.090909
62 462 0.5
512 462 0.5
62 463 0.5
512 463 0.5
62 464 0.5
513 464 0.5
62 113 0.5
80 113 0.5
62 115 0.083333
362 115 0.083333
173 115 0.083333
174 115 0.083333
175 115 0.083333
176 115 0.083333
177 115 0.083333
178 115 0.083333
179 115 0.083333
180 115 0.083333
181 115 0.083333
504 115 0.083333
62 116 0.166667
88 116 0.166667
166 116 0.166667
505 116 0.166667
233 116 0.166667
807 116 0.166667
62 117 0.166667
452 117 0.166667
182 117 0.166667
183 117 0.166667
474 117 0.166667
333 117 0.166667
63 118 0.333333
184 118 0.333333
715 118 0.333333
63 760 1.0
63 281 0.5
220 281 0.5
63 636 0.333333
124 636 0.333333
506 636 0.333333
64 119 0.166667
584 119 0.166667
729 119 0.166667
184 119 0.166667
185 119 0.166667
220 119 0.166667
65 120 0.333333
186 120 0.333333
406 120 0.333333
65 121 0.333333
68 121 0.333333
549 121 0.333333
65 326 0.2
67 326 0.2
273 326 0.2
810 326 0.2
809 326 0.2
67 337 0.5
291 337 0.5
67 456 0.5
497 456 0.5
67 571 1.0
68 348 0.333333
315 348 0.333333
690 348 0.333333
68 797 0.142857
71 797 0.142857
72 797 0.142857
368 797 0.142857
387 797 0.142857
536 797 0.142857
537 797 0.142857
69 328 0.5
277 328 0.5
70 683 1.0
71 316 0.2
258 316 0.2
681 316 0.2
676 316 0.2
682 316 0.2
72 184 0.25
118 184 0.25
119 184 0.25
232 184 0.25
72 122 0.25
74 122 0.25
609 122 0.25
187 122 0.25
72 523 0.5
695 523 0.5
72 200 0.333333
129 200 0.333333
155 200 0.333333
74 123 0.5
188 123 0.5
74 124 0.333333
636 124 0.333333
189 124 0.333333
74 125 0.333333
515 125 0.333333
190 125 0.333333
75 244 0.25
155 244 0.25
188 244 0.25
600 244 0.25
75 126 0.2
88 126 0.2
713 126 0.2
190 126 0.2
191 126 0.2
77 459 0.333333
574 459 0.333333
502 459 0.333333
77 127 0.5
192 127 0.5
78 128 0.142857
110 128 0.142857
193 128 0.142857
194 128 0.142857
195 128 0.142857
196 128 0.142857
197 128 0.142857
78 129 0.142857
193 129 0.142857
198 129 0.142857
199 129 0.142857
200 129 0.142857
186 129 0.142857
351 129 0.142857
78 446 0.5
474 446 0.5
78 677 1.0
78 444 0.333333
472 444 0.333333
724 444 0.333333
78 542 0.5
799 542 0.5
78 445 0.333333
472 445 0.333333
510 445 0.333333
78 239 0.5
174 239 0.5
79 657 1.0
79 131 0.166667
201 131 0.166667
202 131 0.166667
203 131 0.166667
767 131 0.166667
189 131 0.166667
79 132 0.333333
767 132 0.333333
182 132 0.333333
79 133 0.333333
815 133 0.333333
204 133 0.333333
79 134 0.333333
767 134 0.333333
204 134 0.333333
79 135 0.333333
767 135 0.333333
205 135 0.333333
79 418 0.25
187 418 0.25
413 418 0.25
695 418 0.25
80 433 0.333333
428 433 0.333333
441 433 0.333333
80 539 0.5
775 539 0.5
81 659 0.111111
141 659 0.111111
142 659 0.111111
143 659 0.111111
144 659 0.111111
234 659 0.111111
293 659 0.111111
442 659 0.111111
509 659 0.111111
81 221 0.142857
153 221 0.142857
288 221 0.142857
289 221 0.142857
290 221 0.142857
512 221 0.142857
734 221 0.142857
82 632 1.0
82 772 1.0
82 136 0.25
330 136 0.25
206 136 0.25
621 136 0.25
82 567 0.333333
395 567 0.333333
490 567 0.333333
82 319 0.333333
263 319 0.333333
362 319 0.333333
83 384 0.125
154 384 0.125
262 384 0.125
269 384 0.125
343 384 0.125
353 384 0.125
370 384 0.125
514 384 0.125
83 137 0.333333
729 137 0.333333
207 137 0.333333
83 644 1.0
84 138 0.166667
208 138 0.166667
625 138 0.166667
242 138 0.166667
398 138 0.166667
255 138 0.166667
85 675 1.0
86 163 0.5
108 163 0.5
86 761 1.0
86 506 0.5
636 506 0.5
86 140 0.2
202 140 0.2
715 140 0.2
158 140 0.2
695 140 0.2
86 381 0.142857
158 381 0.142857
357 381 0.142857
391 381 0.142857
392 381 0.142857
393 381 0.142857
394 381 0.142857
87 144 0.333333
211 144 0.333333
659 144 0.333333
87 368 0.333333
345 368 0.333333
797 368 0.333333
87 770 1.0
87 651 1.0
87 438 0.2
577 438 0.2
442 438 0.2
575 438 0.2
601 438 0.2
87 631 1.0
87 639 1.0
87 141 0.333333
209 141 0.333333
659 141 0.333333
87 142 0.333333
210 142 0.333333
659 142 0.333333
87 143 0.333333
130 143 0.333333
659 143 0.333333
88 147 0.333333
161 147 0.333333
218 147 0.333333
88 149 0.5
153 149 0.5
88 377 0.5
356 377 0.5
88 148 0.333333
89 148 0.333333
219 148 0.333333
89 150 0.5
187 150 0.5
90 511 0.25
172 511 0.25
815 511 0.25
663 511 0.25
91 550 0.5
815 550 0.5
92 151 0.2
176 151 0.2
172 151 0.2
736 151 0.2
335 151 0.2
93 396 0.125
110 396 0.125
188 396 0.125
390 396 0.125
401 396 0.125
402 396 0.125
676 396 0.125
764 396 0.125
94 649 0.5
502 649 0.5
94 152 0.1
139 152 0.1
145 152 0.1
146 152 0.1
260 152 0.1
616 152 0.1
364 152 0.1
220 152 0.1
189 152 0.1
157 152 0.1
94 447 0.333333
488 447 0.333333
474 447 0.333333
95 278 0.333333
220 278 0.333333
723 278 0.333333
95 637 0.5
303 637 0.5
95 695 0.090909
110 695 0.090909
140 695 0.090909
260 695 0.090909
376 695 0.090909
417 695 0.090909
418 695 0.090909
424 695 0.090909
521 695 0.090909
522 695 0.090909
523 695 0.090909
95 409 0.5
404 409 0.5
95 346 0.333333
313 346 0.333333
671 346 0.333333
95 413 0.083333
218 413 0.083333
383 413 0.083333
410 413 0.083333
417 413 0.083333
418 413 0.083333
419 413 0.083333
646 413 0.083333
460 413 0.083333
686 413 0.083333
655 413 0.083333
643 413 0.083333
97 741 1.0
97 235 0.25
169 235 0.25
811 235 0.25
425 235 0.25
97 517 0.333333
690 517 0.333333
764 517 0.333333
97 684 1.0
97 234 0.25
168 234 0.25
658 234 0.25
659 234 0.25
97 614 1.0
97 701 1.0
98 153 0.0625
149 153 0.0625
699 153 0.0625
484 153 0.0625
487 153 0.0625
748 153 0.0625
397 153 0.0625
221 153 0.0625
816 153 0.0625
562 153 0.0625
726 153 0.0625
408 153 0.0625
473 153 0.0625
698 153 0.0625
219 153 0.0625
477 153 0.0625
98 205 0.5
135 205 0.5
99 693 1.0
100 155 0.090909
101 155 0.090909
224 155 0.090909
208 155 0.090909
199 155 0.090909
200 155 0.090909
244 155 0.090909
522 155 0.090909
759 155 0.090909
222 155 0.090909
223 155 0.090909
100 679 1.0
101 284 0.2
220 284 0.2
229 284 0.2
242 284 0.2
543 284 0.2
101 159 0.125
104 159 0.125
229 159 0.125
226 159 0.125
227 159 0.125
228 159 0.125
230 159 0.125
207 159 0.125
102 171 0.25
112 171 0.25
824 171 0.25
236 171 0.25
103 157 0.25
106 157 0.25
152 157 0.25
786 157 0.25
104 787 1.0
104 412 0.333333
106 412 0.333333
410 412 0.333333
104 158 0.25
140 158 0.25
225 158 0.25
381 158 0.25
104 303 0.2
107 303 0.2
108 303 0.2
242 303 0.2
637 303 0.2
105 160 0.2
690 160 0.2
815 160 0.2
809 160 0.2
207 160 0.2
106 161 0.083333
147 161 0.083333
256 161 0.083333
672 161 0.083333
386 161 0.083333
673 161 0.083333
339 161 0.083333
340 161 0.083333
311 161 0.083333
436 161 0.083333
170 161 0.083333
479 161 0.083333
107 297 0.166667
231 297 0.166667
232 297 0.166667
341 297 0.166667
681 297 0.166667
538 297 0.166667
107 641 1.0
108 168 0.333333
234 168 0.333333
709 168 0.333333
108 164 0.5
232 164 0.5
108 165 0.25
109 165 0.25
111 165 0.25
180 165 0.25
108 166 0.2
116 166 0.2
814 166 0.2
593 166 0.2
279 166 0.2
110 778 0.5
540 778 0.5
110 774 0.5
460 774 0.5
110 743 1.0
110 811 0.2
235 811 0.2
266 811 0.2
543 811 0.2
544 811 0.2
110 775 0.5
539 775 0.5
110 531 0.090909
194 531 0.090909
195 531 0.090909
196 531 0.090909
197 531 0.090909
401 531 0.090909
402 531 0.090909
474 531 0.090909
475 531 0.090909
476 531 0.090909
715 531 0.090909
110 533 0.142857
196 533 0.142857
198 533 0.142857
360 533 0.142857
461 533 0.142857
479 533 0.142857
715 533 0.142857
110 169 0.142857
111 169 0.142857
722 169 0.142857
404 169 0.142857
405 169 0.142857
313 169 0.142857
235 169 0.142857
110 572 0.142857
360 572 0.142857
460 572 0.142857
461 572 0.142857
479 572 0.142857
491 572 0.142857
492 572 0.142857
110 777 1.0
111 275 0.5
220 275 0.5
112 246 0.333333
190 246 0.333333
585 246 0.333333
112 172 0.25
151 172 0.25
511 172 0.25
237 172 0.25
112 170 0.5
161 170 0.5
112 719 0.333333
310 719 0.333333
435 719 0.333333
112 496 0.5
592 496 0.5
112 822 1.0
112 468 0.333333
514 468 0.333333
765 468 0.333333
112 662 0.5
510 662 0.5
114 753 1.0
114 802 1.0
114 451 0.25
491 451 0.25
492 451 0.25
474 451 0.25
114 262 0.125
213 262 0.125
384 262 0.125
481 262 0.125
678 262 0.125
618 262 0.125
780 262 0.125
469 262 0.125
114 604 1.0
115 362 0.2
220 362 0.2
319 362 0.2
344 362 0.2
696 362 0.2
115 173 0.2
602 173 0.2
788 173 0.2
238 173 0.2
243 173 0.2
115 174 0.142857
240 174 0.142857
633 174 0.142857
223 174 0.142857
652 174 0.142857
222 174 0.142857
239 174 0.142857
115 175 0.333333
228 175 0.333333
295 175 0.333333
115 176 0.333333
151 176 0.333333
591 176 0.333333
115 179 0.5
241 179 0.5
115 180 0.5
165 180 0.5
115 181 0.166667
242 181 0.166667
307 181 0.166667
389 181 0.166667
440 181 0.166667
457 181 0.166667
115 504 0.5
627 504 0.5
116 505 0.333333
642 505 0.333333
635 505 0.333333
116 233 0.333333
167 233 0.333333
700 233 0.333333
116 807 1.0
117 452 0.166667
440 452 0.166667
441 452 0.166667
788 452 0.166667
551 452 0.166667
485 452 0.166667
117 182 0.333333
132 182 0.333333
215 182 0.333333
117 183 0.333333
690 183 0.333333
243 183 0.333333
117 474 0.090909
219 474 0.090909
389 474 0.090909
446 474 0.090909
447 474 0.090909
448 474 0.090909
449 474 0.090909
450 474 0.090909
451 474 0.090909
531 474 0.090909
818 474 0.090909
117 333 0.166667
283 333 0.166667
352 333 0.166667
353 333 0.166667
739 333 0.166667
351 333 0.166667
119 584 0.333333
374 584 0.333333
425 584 0.333333
119 729 0.125
137 729 0.125
167 729 0.125
261 729 0.125
263 729 0.125
277 729 0.125
432 729 0.125
535 729 0.125
119 220 0.052632
152 220 0.052632
286 220 0.052632
362 220 0.052632
279 220 0.052632
272 220 0.052632
273 220 0.052632
274 220 0.052632
275 220 0.052632
276 220 0.052632
277 220 0.052632
278 220 0.052632
281 220 0.052632
282 220 0.052632
283 220 0.052632
284 220 0.052632
285 220 0.052632
280 220 0.052632
287 220 0.052632
120 406 0.166667
189 406 0.166667
318 406 0.166667
403 406 0.166667
404 406 0.166667
437 406 0.166667
122 609 1.0
122 187 0.1
150 187 0.1
418 187 0.1
356 187 0.1
630 187 0.1
216 187 0.1
668 187 0.1
589 187 0.1
590 187 0.1
669 187 0.1
123 188 0.25
396 188 0.25
244 188 0.25
397 188 0.25
124 189 0.111111
131 189 0.111111
152 189 0.111111
472 189 0.111111
610 189 0.111111
404 189 0.111111
245 189 0.111111
406 189 0.111111
798 189 0.111111
125 515 0.125
299 515 0.125
471 515 0.125
472 515 0.125
680 515 0.125
744 515 0.125
805 515 0.125
681 515 0.125
125 190 0.111111
126 190 0.111111
818 190 0.111111
489 190 0.111111
246 190 0.111111
247 190 0.111111
248 190 0.111111
249 190 0.111111
250 190 0.111111
126 713 1.0
127 192 0.333333
251 192 0.333333
707 192 0.333333
128 193 0.333333
129 193 0.333333
252 193 0.333333
128 194 0.333333
531 194 0.333333
253 194 0.333333
128 197 0.333333
531 197 0.333333
254 197 0.333333
129 198 0.333333
212 198 0.333333
533 198 0.333333
129 199 0.2
155 199 0.2
256 199 0.2
792 199 0.2
255 199 0.2
129 351 0.166667
321 351 0.166667
333 351 0.166667
592 351 0.166667
370 351 0.166667
371 351 0.166667
130 767 0.166667
131 767 0.166667
132 767 0.166667
134 767 0.166667
135 767 0.166667
494 767 0.166667
131 201 0.5
257 201 0.5
131 202 0.2
140 202 0.2
554 202 0.2
218 202 0.2
245 202 0.2
131 203 0.333333
258 203 0.333333
738 203 0.333333
133 204 0.166667
134 204 0.166667
808 204 0.166667
259 204 0.166667
536 204 0.166667
249 204 0.166667
136 330 0.5
277 330 0.5
136 206 0.125
576 206 0.125
225 206 0.125
356 206 0.125
526 206 0.125
391 206 0.125
270 206 0.125
629 206 0.125
136 621 1.0
137 207 0.25
159 207 0.25
160 207 0.25
260 207 0.25
138 208 0.333333
155 208 0.333333
536 208 0.333333
138 625 1.0
138 242 0.125
181 242 0.125
304 242 0.125
305 242 0.125
466 242 0.125
579 242 0.125
284 242 0.125
303 242 0.125
138 398 0.2
304 398 0.2
392 398 0.2
426 398 0.2
784 398 0.2
138 255 0.333333
199 255 0.333333
301 255 0.333333
141 209 0.5
261 209 0.5
142 210 0.333333
225 210 0.333333
497 210 0.333333
146 212 0.2
198 212 0.2
494 212 0.2
546 212 0.2
238 212 0.2
146 213 0.5
262 213 0.5
146 215 0.333333
182 215 0.333333
268 215 0.333333
146 217 0.2
804 217 0.2
269 217 0.2
358 217 0.2
317 217 0.2
146 216 0.166667
187 216 0.166667
598 216 0.166667
264 216 0.166667
267 216 0.166667
268 216 0.166667
146 269 0.2
217 269 0.2
240 269 0.2
384 269 0.2
327 269 0.2
147 218 0.2
202 218 0.2
425 218 0.2
413 218 0.2
270 218 0.2
148 219 0.166667
153 219 0.166667
553 219 0.166667
474 219 0.166667
270 219 0.166667
271 219 0.166667
152 260 0.333333
207 260 0.333333
695 260 0.333333
152 616 1.0
152 364 0.333333
344 364 0.333333
696 364 0.333333
153 699 1.0
153 484 0.333333
752 484 0.333333
543 484 0.333333
153 487 0.25
667 487 0.25
549 487 0.25
783 487 0.25
153 748 1.0
153 397 0.166667
188 397 0.166667
332 397 0.166667
392 397 0.166667
393 397 0.166667
403 397 0.166667
153 816 1.0
153 562 1.0
153 726 1.0
153 408 0.333333
404 408 0.333333
415 408 0.333333
153 473 0.333333
815 473 0.333333
521 473 0.333333
153 698 1.0
153 477 0.5
532 477 0.5
155 522 0.5
695 522 0.5
155 759 1.0
155 222 0.333333
174 222 0.333333
291 222 0.333333
156 680 0.25
254 680 0.25
514 680 0.25
515 680 0.25
156 746 0.333333
254 746 0.333333
309 746 0.333333
157 786 1.0
159 229 0.333333
296 229 0.333333
284 229 0.333333
159 226 0.5
293 226 0.5
159 227 0.2
823 227 0.2
588 227 0.2
749 227 0.2
294 227 0.2
159 228 0.333333
175 228 0.333333
295 228 0.333333
159 230 0.5
225 230 0.5
160 809 0.333333
326 809 0.333333
347 809 0.333333
161 256 0.333333
199 256 0.333333
815 256 0.333333
161 672 1.0
161 386 0.5
371 386 0.5
161 673 1.0
161 339 0.25
292 339 0.25
483 339 0.25
414 339 0.25
161 340 0.333333
293 340 0.333333
345 340 0.333333
161 311 0.333333
248 311 0.333333
740 311 0.333333
161 436 0.333333
434 436 0.333333
549 436 0.333333
161 479 0.333333
572 479 0.333333
533 479 0.333333
162 355 0.5
336 355 0.5
162 231 0.5
297 231 0.5
164 232 0.2
184 232 0.2
297 232 0.2
399 232 0.2
247 232 0.2
166 814 1.0
166 593 1.0
166 279 0.333333
220 279 0.333333
359 279 0.333333
168 709 1.0
169 722 1.0
169 313 0.2
253 313 0.2
305 313 0.2
346 313 0.2
754 313 0.2
171 824 1.0
171 236 0.2
298 236 0.2
387 236 0.2
626 236 0.2
670 236 0.2
172 237 0.5
299 237 0.5
173 602 1.0
173 788 0.2
259 788 0.2
452 788 0.2
467 788 0.2
541 788 0.2
173 238 0.2
212 238 0.2
214 238 0.2
300 238 0.2
597 238 0.2
173 243 0.2
183 243 0.2
736 243 0.2
306 243 0.2
478 243 0.2
174 240 0.333333
301 240 0.333333
269 240 0.333333
174 633 0.5
177 633 0.5
174 652 0.5
292 652 0.5
175 295 0.333333
228 295 0.333333
524 295 0.333333
176 591 1.0
177 634 0.5
291 634 0.5
179 241 0.25
448 241 0.25
334 241 0.25
302 241 0.25
181 307 0.333333
245 307 0.333333
600 307 0.333333
181 389 0.333333
379 389 0.333333
474 389 0.333333
181 440 0.5
452 440 0.5
181 457 0.333333
500 457 0.333333
502 457 0.333333
185 441 0.25
433 441 0.25
452 441 0.25
573 441 0.25
187 630 1.0
187 668 1.0
187 589 1.0
187 590 1.0
187 669 1.0
189 472 0.25
444 472 0.25
445 472 0.25
515 472 0.25
189 610 1.0
189 245 0.142857
202 245 0.142857
640 245 0.142857
307 245 0.142857
308 245 0.142857
309 245 0.142857
552 245 0.142857
189 798 1.0
190 818 0.333333
474 818 0.333333
493 818 0.333333
190 489 0.333333
561 489 0.333333
815 489 0.333333
190 247 0.333333
232 247 0.333333
310 247 0.333333
190 248 0.166667
294 248 0.166667
790 248 0.166667
311 248 0.166667
329 248 0.166667
791 248 0.166667
190 249 0.25
204 249 0.25
312 249 0.25
470 249 0.25
191 577 0.2
259 577 0.2
438 577 0.2
443 577 0.2
467 577 0.2
192 251 0.142857
465 251 0.142857
740 251 0.142857
817 251 0.142857
298 251 0.142857
283 251 0.142857
367 251 0.142857
192 707 1.0
193 252 0.333333
225 252 0.333333
592 252 0.333333
194 253 0.25
592 253 0.25
313 253 0.25
314 253 0.25
197 254 0.25
680 254 0.25
746 254 0.25
271 254 0.25
199 792 1.0
201 257 0.166667
315 257 0.166667
294 257 0.166667
730 257 0.166667
619 257 0.166667
431 257 0.166667
202 554 1.0
203 258 0.333333
331 258 0.333333
316 258 0.333333
203 738 1.0
204 808 1.0
204 259 0.25
577 259 0.25
317 259 0.25
788 259 0.25
206 576 1.0
206 526 0.5
696 526 0.5
206 391 0.333333
381 391 0.333333
382 391 0.333333
206 270 0.333333
218 270 0.333333
219 270 0.333333
206 629 1.0
209 261 0.333333
318 261 0.333333
729 261 0.333333
211 369 0.333333
350 369 0.333333
410 369 0.333333
211 370 0.142857
351 370 0.142857
384 370 0.142857
385 370 0.142857
755 370 0.142857
529 370 0.142857
558 370 0.142857
212 494 0.25
767 494 0.25
718 494 0.25
583 494 0.25
212 546 0.5
815 546 0.5
214 267 0.25
216 267 0.25
322 267 0.25
323 267 0.25
214 537 0.333333
758 537 0.333333
797 537 0.333333
214 263 0.166667
439 263 0.166667
264 263 0.166667
729 263 0.166667
378 263 0.166667
319 263 0.166667
214 264 0.25
216 264 0.25
263 264 0.25
282 264 0.25
214 265 0.333333
320 265 0.333333
827 265 0.333333
214 266 0.25
321 266 0.25
811 266 0.25
357 266 0.25
214 541 0.333333
788 541 0.333333
789 541 0.333333
215 268 0.333333
216 268 0.333333
324 268 0.333333
216 598 1.0
217 804 1.0
217 358 0.333333
336 358 0.333333
664 358 0.333333
217 317 0.333333
259 317 0.333333
425 317 0.333333
219 553 1.0
219 271 0.166667
254 271 0.166667
325 271 0.166667
829 271 0.166667
653 271 0.166667
751 271 0.166667
220 273 0.5
326 273 0.5
220 276 0.5
225 276 0.5
220 283 0.333333
251 283 0.333333
333 283 0.333333
220 280 0.333333
332 280 0.333333
666 280 0.333333
221 288 0.5
334 288 0.5
221 290 0.125
225 290 0.125
416 290 0.125
742 290 0.125
349 290 0.125
617 290 0.125
623 290 0.125
559 290 0.125
221 512 0.2
462 512 0.2
463 512 0.2
815 512 0.2
663 512 0.2
221 734 1.0
225 292 0.333333
339 292 0.333333
652 292 0.333333
225 443 0.333333
458 443 0.333333
577 443 0.333333
226 293 0.2
612 293 0.2
659 293 0.2
340 293 0.2
318 293 0.2
227 823 1.0
227 588 1.0
227 749 1.0
227 294 0.166667
248 294 0.166667
257 294 0.166667
736 294 0.166667
615 294 0.166667
427 294 0.166667
229 296 0.2
277 296 0.2
611 296 0.2
547 296 0.2
341 296 0.2
232 399 0.25
394 399 0.25
736 399 0.25
825 399 0.25
233 700 1.0
234 658 1.0
236 298 0.25
251 298 0.25
828 298 0.25
341 298 0.25
236 387 0.333333
371 387 0.333333
797 387 0.333333
236 626 1.0
236 670 1.0
238 597 1.0
240 301 0.2
255 301 0.2
321 301 0.2
737 301 0.2
372 301 0.2
241 448 0.5
474 448 0.5
241 334 0.2
288 334 0.2
291 334 0.2
322 334 0.2
812 334 0.2
242 579 1.0
243 478 0.5
532 478 0.5
244 600 0.25
307 600 0.25
500 600 0.25
501 600 0.25
245 640 1.0
245 308 0.25
650 308 0.25
815 308 0.25
343 308 0.25
245 552 1.0
246 585 1.0
247 310 0.25
344 310 0.25
721 310 0.25
719 310 0.25
248 790 1.0
248 329 0.5
277 329 0.5
248 791 1.0
249 312 0.5
345 312 0.5
251 465 0.5
513 465 0.5
251 740 0.333333
311 740 0.333333
416 740 0.333333
251 817 1.0
251 367 0.5
345 367 0.5
252 592 0.111111
253 592 0.111111
351 592 0.111111
352 592 0.111111
353 592 0.111111
495 592 0.111111
496 592 0.111111
497 592 0.111111
498 592 0.111111
253 314 0.333333
304 314 0.333333
343 314 0.333333
257 315 0.166667
344 315 0.166667
762 315 0.166667
347 315 0.166667
348 315 0.166667
733 315 0.166667
257 730 1.0
257 619 1.0
257 431 0.5
425 431 0.5
261 318 0.25
293 318 0.25
560 318 0.25
406 318 0.25
262 481 0.2
388 481 0.2
696 481 0.2
702 481 0.2
535 481 0.2
262 678 1.0
262 618 1.0
262 780 1.0
262 469 0.333333
514 469 0.333333
524 469 0.333333
263 378 0.2
356 378 0.2
732 378 0.2
794 378 0.2
793 378 0.2
265 827 1.0
266 321 0.25
301 321 0.25
728 321 0.25
351 321 0.25
266 357 0.333333
336 357 0.333333
381 357 0.333333
267 322 0.25
336 322 0.25
332 322 0.25
334 322 0.25
267 323 0.5
349 323 0.5
268 324 0.25
300 324 0.25
821 324 0.25
750 324 0.25
269 327 0.5
277 327 0.5
271 325 0.5
350 325 0.5
271 829 1.0
271 653 1.0
271 751 1.0
272 565 1.0
274 410 0.166667
369 410 0.166667
405 410 0.166667
476 410 0.166667
412 410 0.166667
413 410 0.166667
274 686 0.333333
413 686 0.333333
516 686 0.333333
277 392 0.2
381 392 0.2
383 392 0.2
397 392 0.2
398 392 0.2
278 723 0.333333
530 723 0.333333
534 723 0.333333
279 359 0.333333
341 359 0.333333
815 359 0.333333
280 666 0.5
480 666 0.5
282 375 0.333333
354 375 0.333333
691 375 0.333333
284 543 0.25
484 543 0.25
485 543 0.25
811 543 0.25
287 725 1.0
289 674 1.0
290 416 0.25
411 416 0.25
740 416 0.25
739 416 0.25
290 742 1.0
290 349 0.25
323 349 0.25
766 349 0.25
414 349 0.25
290 617 1.0
290 623 1.0
290 559 1.0
293 612 1.0
294 615 1.0
294 427 0.5
425 427 0.5
295 524 0.333333
469 524 0.333333
696 524 0.333333
296 611 1.0
296 547 0.5
815 547 0.5
296 341 0.25
297 341 0.25
298 341 0.25
359 341 0.25
297 681 0.2
309 681 0.2
316 681 0.2
514 681 0.2
515 681 0.2
297 538 0.5
763 538 0.5
298 828 1.0
300 826 1.0
300 735 1.0
301 737 1.0
301 372 0.333333
352 372 0.333333
385 372 0.333333
302 352 0.166667
333 352 0.166667
592 352 0.166667
372 352 0.166667
373 352 0.166667
815 352 0.166667
304 342 0.333333
360 342 0.333333
771 342 0.333333
308 650 1.0
309 744 0.5
515 744 0.5
310 344 0.111111
315 344 0.111111
594 344 0.111111
363 344 0.111111
503 344 0.111111
362 344 0.111111
364 344 0.111111
365 344 0.111111
642 344 0.111111
310 721 1.0
312 345 0.166667
340 345 0.166667
368 345 0.166667
763 345 0.166667
366 345 0.166667
367 345 0.166667
313 754 1.0
315 762 1.0
315 733 1.0
316 676 0.5
396 676 0.5
316 682 1.0
318 560 1.0
320 717 1.0
320 414 0.125
339 414 0.125
349 414 0.125
388 414 0.125
411 414 0.125
421 414 0.125
422 414 0.125
420 414 0.125
321 728 1.0
324 821 0.5
519 821 0.5
324 750 1.0
325 350 0.5
369 350 0.5
326 810 1.0
332 757 1.0
332 654 1.0
333 353 0.25
384 353 0.25
592 353 0.25
374 353 0.25
333 739 0.5
416 739 0.5
336 354 0.333333
376 354 0.333333
375 354 0.333333
339 483 0.5
540 483 0.5
342 771 1.0
344 594 1.0
344 503 0.333333
624 503 0.333333
764 503 0.333333
344 642 0.2
434 642 0.2
505 642 0.2
507 642 0.2
508 642 0.2
346 671 1.0
349 766 1.0
351 371 0.25
386 371 0.25
387 371 0.25
518 371 0.25
352 373 0.333333
388 373 0.333333
813 373 0.333333
356 379 0.166667
628 379 0.166667
389 379 0.166667
793 379 0.166667
586 379 0.166667
731 379 0.166667
356 380 0.25
731 380 0.25
390 380 0.25
727 380 0.25
356 507 0.5
642 507 0.5
358 664 0.5
513 664 0.5
361 519 0.333333
690 519 0.333333
821 519 0.333333
361 509 0.333333
800 509 0.333333
659 509 0.333333
362 696 0.111111
364 696 0.111111
365 696 0.111111
481 696 0.111111
508 696 0.111111
524 696 0.111111
525 696 0.111111
526 696 0.111111
527 696 0.111111
363 382 0.333333
508 382 0.333333
391 382 0.333333
365 703 1.0
365 383 0.25
392 383 0.25
497 383 0.25
413 383 0.25
370 385 0.333333
372 385 0.333333
769 385 0.333333
370 755 1.0
370 529 0.333333
705 529 0.333333
815 529 0.333333
370 558 1.0
371 518 0.5
690 518 0.5
373 388 0.2
481 388 0.2
395 388 0.2
414 388 0.2
461 388 0.2
373 813 1.0
375 691 1.0
378 732 1.0
378 794 1.0
378 793 0.5
379 793 0.5
379 628 1.0
379 586 1.0
379 731 0.5
380 731 0.5
380 390 0.25
712 390 0.25
396 390 0.25
454 390 0.25
380 727 1.0
381 393 0.333333
555 393 0.333333
397 393 0.333333
381 394 0.333333
645 394 0.333333
399 394 0.333333
382 508 0.333333
696 508 0.333333
642 508 0.333333
385 769 1.0
388 395 0.333333
400 395 0.333333
567 395 0.333333
388 461 0.25
572 461 0.25
533 461 0.25
502 461 0.25
390 712 1.0
390 454 0.333333
442 454 0.333333
497 454 0.333333
393 555 1.0
394 645 1.0
396 402 0.333333
531 402 0.333333
405 402 0.333333
396 764 0.333333
503 764 0.333333
517 764 0.333333
397 403 0.5
406 403 0.5
398 426 0.5
425 426 0.5
398 784 1.0
399 825 1.0
400 663 0.333333
511 663 0.333333
512 663 0.333333
405 704 1.0
405 437 0.25
406 437 0.25
435 437 0.25
605 437 0.25
405 411 0.25
416 411 0.25
414 411 0.25
415 411 0.25
405 476 0.333333
410 476 0.333333
531 476 0.333333
407 415 0.25
408 415 0.25
411 415 0.25
815 415 0.25
413 646 1.0
413 460 0.25
774 460 0.25
572 460 0.25
502 460 0.25
413 655 1.0
413 643 1.0
414 421 0.5
425 421 0.5
414 422 0.5
425 422 0.5
414 420 0.333333
424 420 0.333333
423 420 0.333333
420 423 0.5
425 423 0.5
425 428 0.5
433 428 0.5
425 429 0.5
434 429 0.5
425 430 0.5
435 430 0.5
429 434 0.333333
642 434 0.333333
436 434 0.333333
432 490 0.25
453 490 0.25
715 490 0.25
567 490 0.25
435 720 1.0
435 482 0.5
536 482 0.5
435 516 0.333333
685 516 0.333333
686 516 0.333333
435 599 1.0
437 605 1.0
438 442 0.125
688 442 0.125
530 442 0.125
659 442 0.125
453 442 0.125
454 442 0.125
455 442 0.125
687 442 0.125
438 575 1.0
438 601 1.0
439 450 0.5
474 450 0.5
441 573 1.0
442 688 1.0
442 530 0.25
723 530 0.25
708 530 0.25
706 530 0.25
442 453 0.333333
656 453 0.333333
490 453 0.333333
442 455 0.5
497 455 0.5
442 687 1.0
443 458 0.333333
501 458 0.333333
502 458 0.333333
444 724 1.0
445 510 0.5
662 510 0.5
447 488 0.5
561 488 0.5
451 491 0.5
572 491 0.5
451 492 0.5
572 492 0.5
452 551 0.5
815 551 0.5
452 485 0.5
543 485 0.5
453 656 1.0
457 500 0.5
600 500 0.5
457 502 0.142857
458 502 0.142857
459 502 0.142857
460 502 0.142857
461 502 0.142857
649 502 0.142857
622 502 0.142857
458 501 0.333333
600 501 0.333333
819 501 0.333333
459 574 1.0
464 513 0.25
465 513 0.25
664 513 0.25
815 513 0.25
468 765 1.0
473 521 0.5
695 521 0.5
477 532 0.333333
478 532 0.333333
715 532 0.333333
480 564 1.0
480 534 0.5
723 534 0.5
481 702 0.5
528 702 0.5
481 535 0.333333
801 535 0.333333
729 535 0.333333
483 540 0.5
778 540 0.5
484 752 1.0
486 548 0.5
815 548 0.5
487 667 1.0
488 561 0.5
489 561 0.5
493 581 1.0
494 718 1.0
494 583 1.0
495 692 0.5
520 692 0.5
499 596 1.0
501 819 1.0
502 622 1.0
503 624 1.0
504 627 1.0
505 635 1.0
509 800 1.0
514 745 1.0
515 805 1.0
516 685 1.0
529 705 1.0
530 708 1.0
530 706 1.0
535 801 1.0
536 758 0.5
537 758 0.5
541 789 1.0
542 799 1.0
