0 5 0.010638
1 5 0.010638
2 5 0.010638
3 5 0.010638
4 5 0.010638
6 5 0.010638
7 5 0.010638
8 5 0.010638
9 5 0.010638
10 5 0.010638
12 5 0.010638
20 5 0.010638
25 5 0.010638
26 5 0.010638
42 5 0.010638
43 5 0.010638
44 5 0.010638
57 5 0.010638
66 5 0.010638
68 5 0.010638
73 5 0.010638
86 5 0.010638
90 5 0.010638
91 5 0.010638
113 5 0.010638
115 5 0.010638
118 5 0.010638
141 5 0.010638
149 5 0.010638
160 5 0.010638
163 5 0.010638
182 5 0.010638
198 5 0.010638
205 5 0.010638
215 5 0.010638
220 5 0.010638
221 5 0.010638
233 5 0.010638
237 5 0.010638
241 5 0.010638
249 5 0.010638
266 5 0.010638
275 5 0.010638
285 5 0.010638
287 5 0.010638
288 5 0.010638
300 5 0.010638
6 5 0.010638
7 5 0.010638
25 5 0.010638
43 5 0.010638
44 5 0.010638
68 5 0.010638
8 5 0.010638
9 5 0.010638
285 5 0.010638
288 5 0.010638
20 5 0.010638
90 5 0.010638
113 5 0.010638
198 5 0.010638
221 5 0.010638
237 5 0.010638
10 5 0.010638
12 5 0.010638
42 5 0.010638
73 5 0.010638
115 5 0.010638
266 5 0.010638
26 5 0.010638
57 5 0.010638
66 5 0.010638
86 5 0.010638
91 5 0.010638
118 5 0.010638
141 5 0.010638
149 5 0.010638
160 5 0.010638
163 5 0.010638
182 5 0.010638
205 5 0.010638
215 5 0.010638
220 5 0.010638
233 5 0.010638
241 5 0.010638
249 5 0.010638
275 5 0.010638
287 5 0.010638
300 5 0.010638
0 5 0.010638
1 5 0.010638
2 5 0.010638
3 5 0.010638
4 5 0.010638
0 6 0.007576
1 6 0.007576
2 6 0.007576
4 6 0.007576
5 6 0.007576
7 6 0.007576
8 6 0.007576
9 6 0.007576
11 6 0.007576
12 6 0.007576
13 6 0.007576
14 6 0.007576
15 6 0.007576
16 6 0.007576
18 6 0.007576
21 6 0.007576
26 6 0.007576
27 6 0.007576
28 6 0.007576
32 6 0.007576
33 6 0.007576
36 6 0.007576
38 6 0.007576
42 6 0.007576
45 6 0.007576
55 6 0.007576
58 6 0.007576
65 6 0.007576
72 6 0.007576
75 6 0.007576
76 6 0.007576
77 6 0.007576
78 6 0.007576
79 6 0.007576
80 6 0.007576
84 6 0.007576
86 6 0.007576
102 6 0.007576
104 6 0.007576
107 6 0.007576
110 6 0.007576
126 6 0.007576
139 6 0.007576
151 6 0.007576
152 6 0.007576
157 6 0.007576
159 6 0.007576
171 6 0.007576
179 6 0.007576
189 6 0.007576
193 6 0.007576
196 6 0.007576
197 6 0.007576
199 6 0.007576
201 6 0.007576
213 6 0.007576
223 6 0.007576
227 6 0.007576
228 6 0.007576
235 6 0.007576
240 6 0.007576
259 6 0.007576
280 6 0.007576
284 6 0.007576
290 6 0.007576
307 6 0.007576
5 6 0.007576
7 6 0.007576
15 6 0.007576
28 6 0.007576
79 6 0.007576
259 6 0.007576
8 6 0.007576
9 6 0.007576
16 6 0.007576
18 6 0.007576
27 6 0.007576
139 6 0.007576
13 6 0.007576
21 6 0.007576
36 6 0.007576
159 6 0.007576
228 6 0.007576
284 6 0.007576
11 6 0.007576
12 6 0.007576
14 6 0.007576
42 6 0.007576
197 6 0.007576
223 6 0.007576
26 6 0.007576
86 6 0.007576
32 6 0.007576
33 6 0.007576
38 6 0.007576
45 6 0.007576
55 6 0.007576
58 6 0.007576
65 6 0.007576
72 6 0.007576
75 6 0.007576
76 6 0.007576
77 6 0.007576
78 6 0.007576
80 6 0.007576
84 6 0.007576
102 6 0.007576
104 6 0.007576
107 6 0.007576
110 6 0.007576
126 6 0.007576
151 6 0.007576
152 6 0.007576
157 6 0.007576
171 6 0.007576
179 6 0.007576
189 6 0.007576
193 6 0.007576
196 6 0.007576
199 6 0.007576
201 6 0.007576
213 6 0.007576
227 6 0.007576
235 6 0.007576
240 6 0.007576
280 6 0.007576
290 6 0.007576
307 6 0.007576
0 6 0.007576
1 6 0.007576
2 6 0.007576
4 6 0.007576
0 7 0.016129
2 7 0.016129
3 7 0.016129
5 7 0.016129
6 7 0.016129
8 7 0.016129
10 7 0.016129
11 7 0.016129
22 7 0.016129
24 7 0.016129
25 7 0.016129
30 7 0.016129
31 7 0.016129
34 7 0.016129
39 7 0.016129
45 7 0.016129
49 7 0.016129
51 7 0.016129
74 7 0.016129
83 7 0.016129
89 7 0.016129
93 7 0.016129
111 7 0.016129
181 7 0.016129
195 7 0.016129
220 7 0.016129
234 7 0.016129
236 7 0.016129
261 7 0.016129
279 7 0.016129
299 7 0.016129
5 7 0.016129
6 7 0.016129
25 7 0.016129
89 7 0.016129
8 7 0.016129
22 7 0.016129
24 7 0.016129
10 7 0.016129
11 7 0.016129
51 7 0.016129
74 7 0.016129
220 7 0.016129
45 7 0.016129
30 7 0.016129
31 7 0.016129
34 7 0.016129
39 7 0.016129
49 7 0.016129
83 7 0.016129
93 7 0.016129
111 7 0.016129
181 7 0.016129
195 7 0.016129
234 7 0.016129
236 7 0.016129
261 7 0.016129
279 7 0.016129
299 7 0.016129
0 7 0.016129
2 7 0.016129
3 7 0.016129
0 15 0.03125
6 15 0.03125
8 15 0.03125
11 15 0.03125
13 15 0.03125
23 15 0.03125
43 15 0.03125
55 15 0.03125
65 15 0.03125
107 15 0.03125
152 15 0.03125
166 15 0.03125
200 15 0.03125
214 15 0.03125
261 15 0.03125
306 15 0.03125
6 15 0.03125
43 15 0.03125
214 15 0.03125
306 15 0.03125
8 15 0.03125
13 15 0.03125
166 15 0.03125
11 15 0.03125
200 15 0.03125
55 15 0.03125
65 15 0.03125
107 15 0.03125
152 15 0.03125
261 15 0.03125
23 15 0.03125
0 15 0.03125
0 17 0.033333
9 17 0.033333
10 17 0.033333
14 17 0.033333
16 17 0.033333
24 17 0.033333
32 17 0.033333
40 17 0.033333
73 17 0.033333
121 17 0.033333
145 17 0.033333
155 17 0.033333
184 17 0.033333
188 17 0.033333
235 17 0.033333
9 17 0.033333
16 17 0.033333
24 17 0.033333
121 17 0.033333
10 17 0.033333
14 17 0.033333
73 17 0.033333
32 17 0.033333
235 17 0.033333
145 17 0.033333
40 17 0.033333
188 17 0.033333
155 17 0.033333
184 17 0.033333
0 17 0.033333
0 25 0.014286
5 25 0.014286
7 25 0.014286
9 25 0.014286
21 25 0.014286
27 25 0.014286
36 25 0.014286
41 25 0.014286
47 25 0.014286
50 25 0.014286
54 25 0.014286
56 25 0.014286
70 25 0.014286
76 25 0.014286
82 25 0.014286
92 25 0.014286
107 25 0.014286
122 25 0.014286
124 25 0.014286
143 25 0.014286
152 25 0.014286
155 25 0.014286
176 25 0.014286
182 25 0.014286
203 25 0.014286
205 25 0.014286
208 25 0.014286
221 25 0.014286
231 25 0.014286
251 25 0.014286
291 25 0.014286
300 25 0.014286
301 25 0.014286
302 25 0.014286
305 25 0.014286
5 25 0.014286
7 25 0.014286
50 25 0.014286
291 25 0.014286
9 25 0.014286
27 25 0.014286
41 25 0.014286
47 25 0.014286
54 25 0.014286
21 25 0.014286
36 25 0.014286
302 25 0.014286
221 25 0.014286
182 25 0.014286
205 25 0.014286
300 25 0.014286
76 25 0.014286
107 25 0.014286
152 25 0.014286
56 25 0.014286
82 25 0.014286
143 25 0.014286
231 25 0.014286
122 25 0.014286
92 25 0.014286
301 25 0.014286
305 25 0.014286
155 25 0.014286
70 25 0.014286
124 25 0.014286
176 25 0.014286
203 25 0.014286
208 25 0.014286
251 25 0.014286
0 25 0.014286
0 28 0.035714
2 28 0.035714
6 28 0.035714
8 28 0.035714
9 28 0.035714
40 28 0.035714
86 28 0.035714
124 28 0.035714
146 28 0.035714
186 28 0.035714
210 28 0.035714
222 28 0.035714
254 28 0.035714
269 28 0.035714
6 28 0.035714
8 28 0.035714
9 28 0.035714
86 28 0.035714
40 28 0.035714
146 28 0.035714
269 28 0.035714
186 28 0.035714
124 28 0.035714
210 28 0.035714
222 28 0.035714
254 28 0.035714
0 28 0.035714
2 28 0.035714
0 43 0.027778
5 43 0.027778
8 43 0.027778
15 43 0.027778
16 43 0.027778
58 43 0.027778
60 43 0.027778
68 43 0.027778
88 43 0.027778
99 43 0.027778
116 43 0.027778
127 43 0.027778
148 43 0.027778
215 43 0.027778
216 43 0.027778
273 43 0.027778
284 43 0.027778
310 43 0.027778
5 43 0.027778
15 43 0.027778
60 43 0.027778
68 43 0.027778
216 43 0.027778
8 43 0.027778
16 43 0.027778
99 43 0.027778
273 43 0.027778
284 43 0.027778
215 43 0.027778
58 43 0.027778
310 43 0.027778
148 43 0.027778
127 43 0.027778
88 43 0.027778
116 43 0.027778
0 43 0.027778
0 44 0.035714
3 44 0.035714
5 44 0.035714
9 44 0.035714
42 44 0.035714
58 44 0.035714
101 44 0.035714
169 44 0.035714
224 44 0.035714
255 44 0.035714
267 44 0.035714
300 44 0.035714
310 44 0.035714
311 44 0.035714
5 44 0.035714
9 44 0.035714
101 44 0.035714
42 44 0.035714
300 44 0.035714
58 44 0.035714
169 44 0.035714
310 44 0.035714
311 44 0.035714
224 44 0.035714
255 44 0.035714
267 44 0.035714
0 44 0.035714
3 44 0.035714
0 48 0.027778
13 48 0.027778
19 48 0.027778
39 48 0.027778
42 48 0.027778
60 48 0.027778
61 48 0.027778
64 48 0.027778
80 48 0.027778
91 48 0.027778
108 48 0.027778
121 48 0.027778
142 48 0.027778
145 48 0.027778
162 48 0.027778
233 48 0.027778
248 48 0.027778
305 48 0.027778
60 48 0.027778
19 48 0.027778
64 48 0.027778
13 48 0.027778
121 48 0.027778
42 48 0.027778
91 48 0.027778
233 48 0.027778
80 48 0.027778
39 48 0.027778
142 48 0.027778
145 48 0.027778
248 48 0.027778
162 48 0.027778
305 48 0.027778
61 48 0.027778
108 48 0.027778
0 48 0.027778
0 50 0.041667
21 50 0.041667
24 50 0.041667
25 50 0.041667
27 50 0.041667
67 50 0.041667
70 50 0.041667
106 50 0.041667
108 50 0.041667
169 50 0.041667
173 50 0.041667
311 50 0.041667
25 50 0.041667
67 50 0.041667
24 50 0.041667
27 50 0.041667
173 50 0.041667
21 50 0.041667
169 50 0.041667
106 50 0.041667
311 50 0.041667
70 50 0.041667
108 50 0.041667
0 50 0.041667
0 52 0.055556
2 52 0.055556
10 52 0.055556
18 52 0.055556
21 52 0.055556
112 52 0.055556
162 52 0.055556
286 52 0.055556
302 52 0.055556
18 52 0.055556
21 52 0.055556
302 52 0.055556
10 52 0.055556
162 52 0.055556
286 52 0.055556
112 52 0.055556
0 52 0.055556
2 52 0.055556
0 60 0.045455
12 60 0.045455
27 60 0.045455
43 60 0.045455
48 60 0.045455
94 60 0.045455
139 60 0.045455
142 60 0.045455
180 60 0.045455
218 60 0.045455
248 60 0.045455
43 60 0.045455
48 60 0.045455
27 60 0.045455
139 60 0.045455
218 60 0.045455
12 60 0.045455
142 60 0.045455
248 60 0.045455
94 60 0.045455
180 60 0.045455
0 60 0.045455
0 63 0.05
16 63 0.05
19 63 0.05
29 63 0.05
33 63 0.05
88 63 0.05
127 63 0.05
203 63 0.05
220 63 0.05
274 63 0.05
16 63 0.05
19 63 0.05
29 63 0.05
220 63 0.05
33 63 0.05
127 63 0.05
274 63 0.05
88 63 0.05
203 63 0.05
0 63 0.05
0 67 0.05
9 67 0.05
37 67 0.05
49 67 0.05
50 67 0.05
70 67 0.05
87 67 0.05
135 67 0.05
144 67 0.05
192 67 0.05
50 67 0.05
9 67 0.05
135 67 0.05
49 67 0.05
87 67 0.05
37 67 0.05
144 67 0.05
192 67 0.05
70 67 0.05
0 67 0.05
0 68 0.083333
1 68 0.083333
5 68 0.083333
16 68 0.083333
43 68 0.083333
72 68 0.083333
5 68 0.083333
43 68 0.083333
16 68 0.083333
72 68 0.083333
0 68 0.083333
1 68 0.083333
0 79 0.041667
6 79 0.041667
12 79 0.041667
18 79 0.041667
77 79 0.041667
120 79 0.041667
131 79 0.041667
190 79 0.041667
193 79 0.041667
240 79 0.041667
264 79 0.041667
299 79 0.041667
6 79 0.041667
120 79 0.041667
18 79 0.041667
131 79 0.041667
190 79 0.041667
12 79 0.041667
77 79 0.041667
193 79 0.041667
240 79 0.041667
299 79 0.041667
264 79 0.041667
0 79 0.041667
0 81 0.038462
1 81 0.038462
19 81 0.038462
49 81 0.038462
66 81 0.038462
84 81 0.038462
95 81 0.038462
125 81 0.038462
158 81 0.038462
175 81 0.038462
201 81 0.038462
235 81 0.038462
236 81 0.038462
95 81 0.038462
19 81 0.038462
175 81 0.038462
66 81 0.038462
84 81 0.038462
201 81 0.038462
235 81 0.038462
49 81 0.038462
236 81 0.038462
125 81 0.038462
158 81 0.038462
0 81 0.038462
1 81 0.038462
0 89 0.041667
3 89 0.041667
7 89 0.041667
8 89 0.041667
72 89 0.041667
103 89 0.041667
165 89 0.041667
213 89 0.041667
254 89 0.041667
275 89 0.041667
295 89 0.041667
309 89 0.041667
7 89 0.041667
8 89 0.041667
275 89 0.041667
72 89 0.041667
213 89 0.041667
295 89 0.041667
309 89 0.041667
103 89 0.041667
254 89 0.041667
165 89 0.041667
0 89 0.041667
3 89 0.041667
0 95 0.0625
13 95 0.0625
31 95 0.0625
80 95 0.0625
81 95 0.0625
237 95 0.0625
253 95 0.0625
272 95 0.0625
81 95 0.0625
13 95 0.0625
237 95 0.0625
80 95 0.0625
31 95 0.0625
272 95 0.0625
253 95 0.0625
0 95 0.0625
0 98 0.055556
21 98 0.055556
76 98 0.055556
94 98 0.055556
96 98 0.055556
156 98 0.055556
170 98 0.055556
178 98 0.055556
219 98 0.055556
96 98 0.055556
21 98 0.055556
178 98 0.055556
76 98 0.055556
219 98 0.055556
94 98 0.055556
170 98 0.055556
156 98 0.055556
0 98 0.055556
0 120 0.055556
19 120 0.055556
30 120 0.055556
57 120 0.055556
79 120 0.055556
150 120 0.055556
167 120 0.055556
234 120 0.055556
271 120 0.055556
79 120 0.055556
19 120 0.055556
57 120 0.055556
30 120 0.055556
234 120 0.055556
150 120 0.055556
167 120 0.055556
271 120 0.055556
0 120 0.055556
0 140 0.083333
18 140 0.083333
77 140 0.083333
128 140 0.083333
135 140 0.083333
221 140 0.083333
18 140 0.083333
128 140 0.083333
135 140 0.083333
221 140 0.083333
77 140 0.083333
0 140 0.083333
0 161 0.05
2 161 0.05
26 161 0.05
74 161 0.05
76 161 0.05
180 161 0.05
208 161 0.05
211 161 0.05
250 161 0.05
279 161 0.05
211 161 0.05
74 161 0.05
26 161 0.05
76 161 0.05
279 161 0.05
250 161 0.05
208 161 0.05
180 161 0.05
0 161 0.05
2 161 0.05
0 211 0.083333
26 211 0.083333
59 211 0.083333
161 211 0.083333
183 211 0.083333
223 211 0.083333
161 211 0.083333
183 211 0.083333
59 211 0.083333
223 211 0.083333
26 211 0.083333
0 211 0.083333
0 214 0.1
15 214 0.1
18 214 0.1
99 214 0.1
115 214 0.1
15 214 0.1
18 214 0.1
99 214 0.1
115 214 0.1
0 214 0.1
0 216 0.1
43 216 0.1
66 216 0.1
90 216 0.1
151 216 0.1
43 216 0.1
90 216 0.1
66 216 0.1
151 216 0.1
0 216 0.1
0 258 0.083333
94 258 0.083333
185 258 0.083333
188 258 0.083333
222 258 0.083333
293 258 0.083333
185 258 0.083333
188 258 0.083333
293 258 0.083333
94 258 0.083333
222 258 0.083333
0 258 0.083333
0 259 0.1
6 259 0.1
21 259 0.1
40 259 0.1
176 259 0.1
6 259 0.1
21 259 0.1
40 259 0.1
176 259 0.1
0 259 0.1
0 291 0.1
25 291 0.1
47 291 0.1
84 291 0.1
286 291 0.1
25 291 0.1
47 291 0.1
84 291 0.1
286 291 0.1
0 291 0.1
0 306 0.1
15 306 0.1
20 306 0.1
77 306 0.1
149 306 0.1
15 306 0.1
20 306 0.1
149 306 0.1
77 306 0.1
0 306 0.1
1 8 0.009804
3 8 0.009804
5 8 0.009804
6 8 0.009804
7 8 0.009804
9 8 0.009804
10 8 0.009804
14 8 0.009804
15 8 0.009804
18 8 0.009804
19 8 0.009804
20 8 0.009804
26 8 0.009804
27 8 0.009804
28 8 0.009804
34 8 0.009804
35 8 0.009804
36 8 0.009804
41 8 0.009804
42 8 0.009804
43 8 0.009804
49 8 0.009804
56 8 0.009804
82 8 0.009804
87 8 0.009804
89 8 0.009804
97 8 0.009804
104 8 0.009804
111 8 0.009804
119 8 0.009804
125 8 0.009804
126 8 0.009804
135 8 0.009804
138 8 0.009804
142 8 0.009804
143 8 0.009804
145 8 0.009804
158 8 0.009804
163 8 0.009804
174 8 0.009804
198 8 0.009804
204 8 0.009804
205 8 0.009804
225 8 0.009804
229 8 0.009804
231 8 0.009804
246 8 0.009804
265 8 0.009804
295 8 0.009804
303 8 0.009804
309 8 0.009804
5 8 0.009804
6 8 0.009804
7 8 0.009804
15 8 0.009804
28 8 0.009804
43 8 0.009804
89 8 0.009804
9 8 0.009804
18 8 0.009804
19 8 0.009804
27 8 0.009804
41 8 0.009804
225 8 0.009804
246 8 0.009804
20 8 0.009804
36 8 0.009804
35 8 0.009804
135 8 0.009804
198 8 0.009804
10 8 0.009804
14 8 0.009804
42 8 0.009804
26 8 0.009804
163 8 0.009804
205 8 0.009804
104 8 0.009804
126 8 0.009804
34 8 0.009804
49 8 0.009804
111 8 0.009804
56 8 0.009804
82 8 0.009804
87 8 0.009804
97 8 0.009804
119 8 0.009804
125 8 0.009804
138 8 0.009804
142 8 0.009804
143 8 0.009804
145 8 0.009804
158 8 0.009804
174 8 0.009804
204 8 0.009804
229 8 0.009804
231 8 0.009804
265 8 0.009804
295 8 0.009804
303 8 0.009804
309 8 0.009804
1 8 0.009804
3 8 0.009804
1 9 0.01
2 9 0.01
5 9 0.01
6 9 0.01
8 9 0.01
10 9 0.01
11 9 0.01
12 9 0.01
13 9 0.01
14 9 0.01
17 9 0.01
22 9 0.01
25 9 0.01
28 9 0.01
31 9 0.01
33 9 0.01
37 9 0.01
38 9 0.01
40 9 0.01
44 9 0.01
45 9 0.01
46 9 0.01
49 9 0.01
56 9 0.01
57 9 0.01
58 9 0.01
67 9 0.01
75 9 0.01
85 9 0.01
87 9 0.01
96 9 0.01
99 9 0.01
100 9 0.01
102 9 0.01
114 9 0.01
117 9 0.01
122 9 0.01
129 9 0.01
132 9 0.01
137 9 0.01
158 9 0.01
190 9 0.01
193 9 0.01
194 9 0.01
197 9 0.01
204 9 0.01
236 9 0.01
241 9 0.01
250 9 0.01
287 9 0.01
5 9 0.01
6 9 0.01
17 9 0.01
25 9 0.01
28 9 0.01
44 9 0.01
67 9 0.01
8 9 0.01
22 9 0.01
96 9 0.01
99 9 0.01
13 9 0.01
194 9 0.01
190 9 0.01
10 9 0.01
11 9 0.01
12 9 0.01
14 9 0.01
46 9 0.01
117 9 0.01
197 9 0.01
57 9 0.01
241 9 0.01
287 9 0.01
33 9 0.01
38 9 0.01
45 9 0.01
58 9 0.01
75 9 0.01
102 9 0.01
193 9 0.01
31 9 0.01
49 9 0.01
236 9 0.01
56 9 0.01
87 9 0.01
158 9 0.01
204 9 0.01
37 9 0.01
40 9 0.01
85 9 0.01
100 9 0.01
114 9 0.01
122 9 0.01
129 9 0.01
132 9 0.01
137 9 0.01
250 9 0.01
1 9 0.01
2 9 0.01
1 16 0.017857
2 16 0.017857
6 16 0.017857
11 16 0.017857
14 16 0.017857
17 16 0.017857
23 16 0.017857
31 16 0.017857
36 16 0.017857
37 16 0.017857
43 16 0.017857
49 16 0.017857
61 16 0.017857
63 16 0.017857
65 16 0.017857
68 16 0.017857
85 16 0.017857
97 16 0.017857
159 16 0.017857
181 16 0.017857
183 16 0.017857
199 16 0.017857
264 16 0.017857
270 16 0.017857
276 16 0.017857
279 16 0.017857
282 16 0.017857
312 16 0.017857
6 16 0.017857
17 16 0.017857
43 16 0.017857
63 16 0.017857
68 16 0.017857
36 16 0.017857
159 16 0.017857
183 16 0.017857
11 16 0.017857
14 16 0.017857
65 16 0.017857
199 16 0.017857
31 16 0.017857
49 16 0.017857
181 16 0.017857
279 16 0.017857
97 16 0.017857
37 16 0.017857
85 16 0.017857
312 16 0.017857
23 16 0.017857
61 16 0.017857
264 16 0.017857
270 16 0.017857
276 16 0.017857
282 16 0.017857
1 16 0.017857
2 16 0.017857
1 18 0.018519
2 18 0.018519
6 18 0.018519
8 18 0.018519
12 18 0.018519
21 18 0.018519
24 18 0.018519
26 18 0.018519
30 18 0.018519
41 18 0.018519
52 18 0.018519
77 18 0.018519
79 18 0.018519
110 18 0.018519
140 18 0.018519
143 18 0.018519
150 18 0.018519
169 18 0.018519
182 18 0.018519
214 18 0.018519
224 18 0.018519
232 18 0.018519
239 18 0.018519
246 18 0.018519
260 18 0.018519
269 18 0.018519
281 18 0.018519
6 18 0.018519
52 18 0.018519
79 18 0.018519
140 18 0.018519
214 18 0.018519
8 18 0.018519
24 18 0.018519
41 18 0.018519
246 18 0.018519
21 18 0.018519
12 18 0.018519
26 18 0.018519
182 18 0.018519
77 18 0.018519
110 18 0.018519
30 18 0.018519
143 18 0.018519
150 18 0.018519
169 18 0.018519
224 18 0.018519
232 18 0.018519
239 18 0.018519
260 18 0.018519
269 18 0.018519
281 18 0.018519
1 18 0.018519
2 18 0.018519
1 19 0.02381
2 19 0.02381
3 19 0.02381
4 19 0.02381
8 19 0.02381
35 19 0.02381
39 19 0.02381
48 19 0.02381
63 19 0.02381
81 19 0.02381
82 19 0.02381
101 19 0.02381
104 19 0.02381
120 19 0.02381
127 19 0.02381
131 19 0.02381
158 19 0.02381
172 19 0.02381
197 19 0.02381
274 19 0.02381
295 19 0.02381
48 19 0.02381
63 19 0.02381
81 19 0.02381
120 19 0.02381
8 19 0.02381
101 19 0.02381
35 19 0.02381
131 19 0.02381
197 19 0.02381
104 19 0.02381
39 19 0.02381
82 19 0.02381
158 19 0.02381
295 19 0.02381
127 19 0.02381
172 19 0.02381
274 19 0.02381
1 19 0.02381
2 19 0.02381
3 19 0.02381
4 19 0.02381
1 22 0.027778
2 22 0.027778
7 22 0.027778
9 22 0.027778
10 22 0.027778
23 22 0.027778
40 22 0.027778
51 22 0.027778
57 22 0.027778
69 22 0.027778
93 22 0.027778
118 22 0.027778
122 22 0.027778
134 22 0.027778
168 22 0.027778
188 22 0.027778
189 22 0.027778
226 22 0.027778
7 22 0.027778
9 22 0.027778
10 22 0.027778
51 22 0.027778
57 22 0.027778
118 22 0.027778
189 22 0.027778
93 22 0.027778
40 22 0.027778
122 22 0.027778
188 22 0.027778
23 22 0.027778
168 22 0.027778
134 22 0.027778
69 22 0.027778
226 22 0.027778
1 22 0.027778
2 22 0.027778
1 24 0.029412
2 24 0.029412
7 24 0.029412
17 24 0.029412
18 24 0.029412
30 24 0.029412
39 24 0.029412
50 24 0.029412
53 24 0.029412
69 24 0.029412
70 24 0.029412
88 24 0.029412
94 24 0.029412
103 24 0.029412
110 24 0.029412
195 24 0.029412
307 24 0.029412
7 24 0.029412
17 24 0.029412
50 24 0.029412
18 24 0.029412
53 24 0.029412
110 24 0.029412
307 24 0.029412
30 24 0.029412
39 24 0.029412
195 24 0.029412
103 24 0.029412
70 24 0.029412
69 24 0.029412
88 24 0.029412
94 24 0.029412
1 24 0.029412
2 24 0.029412
1 27 0.02
4 27 0.02
6 27 0.02
8 27 0.02
25 27 0.02
29 27 0.02
39 27 0.02
49 27 0.02
50 27 0.02
60 27 0.02
62 27 0.02
83 27 0.02
102 27 0.02
109 27 0.02
137 27 0.02
141 27 0.02
157 27 0.02
176 27 0.02
186 27 0.02
196 27 0.02
201 27 0.02
212 27 0.02
244 27 0.02
247 27 0.02
286 27 0.02
6 27 0.02
25 27 0.02
50 27 0.02
60 27 0.02
8 27 0.02
244 27 0.02
29 27 0.02
62 27 0.02
141 27 0.02
102 27 0.02
157 27 0.02
196 27 0.02
201 27 0.02
39 27 0.02
49 27 0.02
83 27 0.02
137 27 0.02
212 27 0.02
186 27 0.02
176 27 0.02
109 27 0.02
247 27 0.02
286 27 0.02
1 27 0.02
4 27 0.02
1 41 0.0625
2 41 0.0625
8 41 0.0625
18 41 0.0625
25 41 0.0625
204 41 0.0625
224 41 0.0625
301 41 0.0625
25 41 0.0625
8 41 0.0625
18 41 0.0625
204 41 0.0625
301 41 0.0625
224 41 0.0625
1 41 0.0625
2 41 0.0625
1 47 0.0625
20 47 0.0625
25 47 0.0625
29 47 0.0625
42 47 0.0625
64 47 0.0625
177 47 0.0625
291 47 0.0625
25 47 0.0625
291 47 0.0625
64 47 0.0625
20 47 0.0625
29 47 0.0625
42 47 0.0625
177 47 0.0625
1 47 0.0625
1 54 0.035714
4 54 0.035714
25 54 0.035714
26 54 0.035714
40 54 0.035714
64 54 0.035714
71 54 0.035714
129 54 0.035714
130 54 0.035714
156 54 0.035714
217 54 0.035714
224 54 0.035714
254 54 0.035714
256 54 0.035714
25 54 0.035714
64 54 0.035714
71 54 0.035714
256 54 0.035714
26 54 0.035714
40 54 0.035714
129 54 0.035714
217 54 0.035714
130 54 0.035714
224 54 0.035714
254 54 0.035714
156 54 0.035714
1 54 0.035714
4 54 0.035714
1 64 0.071429
21 64 0.071429
47 64 0.071429
48 64 0.071429
54 64 0.071429
93 64 0.071429
264 64 0.071429
48 64 0.071429
47 64 0.071429
54 64 0.071429
21 64 0.071429
93 64 0.071429
264 64 0.071429
1 64 0.071429
1 71 0.035714
10 71 0.035714
21 71 0.035714
38 71 0.035714
54 71 0.035714
75 71 0.035714
77 71 0.035714
135 71 0.035714
139 71 0.035714
156 71 0.035714
164 71 0.035714
179 71 0.035714
240 71 0.035714
275 71 0.035714
54 71 0.035714
139 71 0.035714
21 71 0.035714
135 71 0.035714
10 71 0.035714
275 71 0.035714
38 71 0.035714
75 71 0.035714
77 71 0.035714
179 71 0.035714
240 71 0.035714
164 71 0.035714
156 71 0.035714
1 71 0.035714
1 96 0.041667
9 96 0.041667
13 96 0.041667
42 96 0.041667
91 96 0.041667
98 96 0.041667
123 96 0.041667
132 96 0.041667
192 96 0.041667
238 96 0.041667
245 96 0.041667
264 96 0.041667
98 96 0.041667
9 96 0.041667
123 96 0.041667
13 96 0.041667
42 96 0.041667
91 96 0.041667
132 96 0.041667
192 96 0.041667
245 96 0.041667
264 96 0.041667
238 96 0.041667
1 96 0.041667
1 99 0.071429
4 99 0.071429
9 99 0.071429
43 99 0.071429
92 99 0.071429
210 99 0.071429
214 99 0.071429
43 99 0.071429
214 99 0.071429
9 99 0.071429
92 99 0.071429
210 99 0.071429
1 99 0.071429
4 99 0.071429
1 101 0.1
19 101 0.1
44 101 0.1
56 101 0.1
84 101 0.1
44 101 0.1
19 101 0.1
84 101 0.1
56 101 0.1
1 101 0.1
1 105 0.038462
3 105 0.038462
37 105 0.038462
55 105 0.038462
57 105 0.038462
112 105 0.038462
113 105 0.038462
133 105 0.038462
199 105 0.038462
236 105 0.038462
245 105 0.038462
247 105 0.038462
279 105 0.038462
113 105 0.038462
57 105 0.038462
55 105 0.038462
199 105 0.038462
236 105 0.038462
279 105 0.038462
37 105 0.038462
245 105 0.038462
247 105 0.038462
133 105 0.038462
112 105 0.038462
1 105 0.038462
3 105 0.038462
1 123 0.055556
4 123 0.055556
14 123 0.055556
42 123 0.055556
96 123 0.055556
206 123 0.055556
246 123 0.055556
260 123 0.055556
312 123 0.055556
96 123 0.055556
246 123 0.055556
14 123 0.055556
42 123 0.055556
312 123 0.055556
260 123 0.055556
206 123 0.055556
1 123 0.055556
4 123 0.055556
1 128 0.045455
14 128 0.045455
51 128 0.045455
75 128 0.045455
94 128 0.045455
140 128 0.045455
180 128 0.045455
208 128 0.045455
229 128 0.045455
252 128 0.045455
297 128 0.045455
140 128 0.045455
14 128 0.045455
51 128 0.045455
75 128 0.045455
229 128 0.045455
252 128 0.045455
94 128 0.045455
208 128 0.045455
297 128 0.045455
180 128 0.045455
1 128 0.045455
1 139 0.071429
6 139 0.071429
23 139 0.071429
60 139 0.071429
71 139 0.071429
255 139 0.071429
308 139 0.071429
6 139 0.071429
60 139 0.071429
71 139 0.071429
308 139 0.071429
23 139 0.071429
255 139 0.071429
1 139 0.071429
1 147 0.05
4 147 0.05
31 147 0.05
51 147 0.05
114 147 0.05
153 147 0.05
227 147 0.05
272 147 0.05
286 147 0.05
299 147 0.05
51 147 0.05
227 147 0.05
31 147 0.05
299 147 0.05
114 147 0.05
272 147 0.05
286 147 0.05
153 147 0.05
1 147 0.05
4 147 0.05
1 173 0.083333
50 173 0.083333
62 173 0.083333
149 173 0.083333
157 173 0.083333
206 173 0.083333
50 173 0.083333
62 173 0.083333
149 173 0.083333
157 173 0.083333
206 173 0.083333
1 173 0.083333
1 187 0.083333
2 187 0.083333
14 187 0.083333
90 187 0.083333
117 187 0.083333
202 187 0.083333
202 187 0.083333
90 187 0.083333
14 187 0.083333
117 187 0.083333
1 187 0.083333
2 187 0.083333
1 225 0.1
8 225 0.1
86 225 0.1
97 225 0.1
185 225 0.1
8 225 0.1
185 225 0.1
86 225 0.1
97 225 0.1
1 225 0.1
1 246 0.1
8 246 0.1
10 246 0.1
18 246 0.1
123 246 0.1
8 246 0.1
18 246 0.1
123 246 0.1
10 246 0.1
1 246 0.1
1 273 0.1
43 273 0.1
55 273 0.1
124 273 0.1
143 273 0.1
43 273 0.1
55 273 0.1
143 273 0.1
124 273 0.1
1 273 0.1
1 285 0.1
5 285 0.1
144 285 0.1
148 285 0.1
163 285 0.1
5 285 0.1
163 285 0.1
144 285 0.1
148 285 0.1
1 285 0.1
1 288 0.1
5 288 0.1
65 288 0.1
150 288 0.1
196 288 0.1
5 288 0.1
65 288 0.1
196 288 0.1
150 288 0.1
1 288 0.1
1 298 0.1
2 298 0.1
137 298 0.1
196 298 0.1
237 298 0.1
237 298 0.1
196 298 0.1
137 298 0.1
1 298 0.1
2 298 0.1
2 13 0.018519
4 13 0.018519
6 13 0.018519
9 13 0.018519
11 13 0.018519
15 13 0.018519
23 13 0.018519
29 13 0.018519
32 13 0.018519
48 13 0.018519
59 13 0.018519
61 13 0.018519
78 13 0.018519
91 13 0.018519
93 13 0.018519
95 13 0.018519
96 13 0.018519
118 13 0.018519
125 13 0.018519
148 13 0.018519
164 13 0.018519
166 13 0.018519
168 13 0.018519
191 13 0.018519
192 13 0.018519
245 13 0.018519
261 13 0.018519
6 13 0.018519
15 13 0.018519
48 13 0.018519
95 13 0.018519
9 13 0.018519
96 13 0.018519
166 13 0.018519
11 13 0.018519
29 13 0.018519
59 13 0.018519
191 13 0.018519
91 13 0.018519
118 13 0.018519
32 13 0.018519
78 13 0.018519
93 13 0.018519
261 13 0.018519
125 13 0.018519
23 13 0.018519
61 13 0.018519
148 13 0.018519
164 13 0.018519
168 13 0.018519
192 13 0.018519
245 13 0.018519
2 13 0.018519
4 13 0.018519
2 20 0.022727
4 20 0.022727
5 20 0.022727
8 20 0.022727
11 20 0.022727
33 20 0.022727
38 20 0.022727
39 20 0.022727
42 20 0.022727
46 20 0.022727
47 20 0.022727
97 20 0.022727
103 20 0.022727
107 20 0.022727
110 20 0.022727
174 20 0.022727
181 20 0.022727
183 20 0.022727
217 20 0.022727
219 20 0.022727
274 20 0.022727
306 20 0.022727
5 20 0.022727
306 20 0.022727
8 20 0.022727
47 20 0.022727
183 20 0.022727
11 20 0.022727
42 20 0.022727
46 20 0.022727
33 20 0.022727
38 20 0.022727
107 20 0.022727
110 20 0.022727
39 20 0.022727
181 20 0.022727
97 20 0.022727
174 20 0.022727
217 20 0.022727
274 20 0.022727
103 20 0.022727
219 20 0.022727
2 20 0.022727
4 20 0.022727
2 21 0.012821
6 21 0.012821
10 21 0.012821
12 21 0.012821
18 21 0.012821
23 21 0.012821
25 21 0.012821
26 21 0.012821
32 21 0.012821
34 21 0.012821
50 21 0.012821
52 21 0.012821
61 21 0.012821
62 21 0.012821
64 21 0.012821
70 21 0.012821
71 21 0.012821
74 21 0.012821
84 21 0.012821
86 21 0.012821
98 21 0.012821
103 21 0.012821
104 21 0.012821
113 21 0.012821
154 21 0.012821
186 21 0.012821
188 21 0.012821
195 21 0.012821
205 21 0.012821
215 21 0.012821
234 21 0.012821
252 21 0.012821
253 21 0.012821
259 21 0.012821
269 21 0.012821
280 21 0.012821
290 21 0.012821
302 21 0.012821
305 21 0.012821
6 21 0.012821
25 21 0.012821
50 21 0.012821
52 21 0.012821
98 21 0.012821
259 21 0.012821
18 21 0.012821
64 21 0.012821
71 21 0.012821
302 21 0.012821
113 21 0.012821
10 21 0.012821
12 21 0.012821
62 21 0.012821
74 21 0.012821
26 21 0.012821
86 21 0.012821
205 21 0.012821
215 21 0.012821
32 21 0.012821
84 21 0.012821
104 21 0.012821
280 21 0.012821
290 21 0.012821
34 21 0.012821
195 21 0.012821
234 21 0.012821
188 21 0.012821
305 21 0.012821
23 21 0.012821
61 21 0.012821
269 21 0.012821
103 21 0.012821
70 21 0.012821
154 21 0.012821
186 21 0.012821
252 21 0.012821
253 21 0.012821
2 21 0.012821
2 36 0.0625
6 36 0.0625
8 36 0.0625
16 36 0.0625
25 36 0.0625
80 36 0.0625
97 36 0.0625
249 36 0.0625
6 36 0.0625
25 36 0.0625
8 36 0.0625
16 36 0.0625
249 36 0.0625
80 36 0.0625
97 36 0.0625
2 36 0.0625
2 53 0.035714
24 53 0.035714
26 53 0.035714
37 53 0.035714
51 53 0.035714
151 53 0.035714
170 53 0.035714
172 53 0.035714
178 53 0.035714
213 53 0.035714
223 53 0.035714
235 53 0.035714
254 53 0.035714
289 53 0.035714
24 53 0.035714
178 53 0.035714
51 53 0.035714
223 53 0.035714
26 53 0.035714
151 53 0.035714
213 53 0.035714
235 53 0.035714
37 53 0.035714
172 53 0.035714
254 53 0.035714
170 53 0.035714
289 53 0.035714
2 53 0.035714
2 159 0.0625
6 159 0.0625
16 159 0.0625
58 159 0.0625
111 159 0.0625
184 159 0.0625
212 159 0.0625
234 159 0.0625
6 159 0.0625
16 159 0.0625
58 159 0.0625
111 159 0.0625
234 159 0.0625
212 159 0.0625
184 159 0.0625
2 159 0.0625
2 175 0.1
14 175 0.1
56 175 0.1
81 175 0.1
100 175 0.1
81 175 0.1
14 175 0.1
56 175 0.1
100 175 0.1
2 175 0.1
2 178 0.0625
10 178 0.0625
53 178 0.0625
98 178 0.0625
152 178 0.0625
188 178 0.0625
193 178 0.0625
257 178 0.0625
98 178 0.0625
53 178 0.0625
257 178 0.0625
10 178 0.0625
152 178 0.0625
193 178 0.0625
188 178 0.0625
2 178 0.0625
2 183 0.0625
16 183 0.0625
20 183 0.0625
39 183 0.0625
83 183 0.0625
211 183 0.0625
290 183 0.0625
293 183 0.0625
211 183 0.0625
16 183 0.0625
20 183 0.0625
290 183 0.0625
39 183 0.0625
83 183 0.0625
293 183 0.0625
2 183 0.0625
2 185 0.0625
34 185 0.0625
51 185 0.0625
62 185 0.0625
100 185 0.0625
225 185 0.0625
238 185 0.0625
258 185 0.0625
258 185 0.0625
225 185 0.0625
51 185 0.0625
62 185 0.0625
34 185 0.0625
100 185 0.0625
238 185 0.0625
2 185 0.0625
2 194 0.083333
9 194 0.083333
31 194 0.083333
62 194 0.083333
85 194 0.083333
205 194 0.083333
9 194 0.083333
62 194 0.083333
205 194 0.083333
31 194 0.083333
85 194 0.083333
2 194 0.083333
2 202 0.1
12 202 0.1
51 202 0.1
117 202 0.1
187 202 0.1
187 202 0.1
12 202 0.1
51 202 0.1
117 202 0.1
2 202 0.1
2 209 0.1
39 209 0.1
42 209 0.1
111 209 0.1
169 209 0.1
42 209 0.1
39 209 0.1
111 209 0.1
169 209 0.1
2 209 0.1
2 218 0.1
58 218 0.1
60 218 0.1
117 218 0.1
131 218 0.1
60 218 0.1
131 218 0.1
117 218 0.1
58 218 0.1
2 218 0.1
2 228 0.1
6 228 0.1
104 228 0.1
162 228 0.1
204 228 0.1
6 228 0.1
104 228 0.1
204 228 0.1
162 228 0.1
2 228 0.1
2 244 0.1
27 244 0.1
33 244 0.1
142 244 0.1
174 244 0.1
27 244 0.1
33 244 0.1
142 244 0.1
174 244 0.1
2 244 0.1
2 257 0.1
39 257 0.1
51 257 0.1
143 257 0.1
178 257 0.1
178 257 0.1
51 257 0.1
39 257 0.1
143 257 0.1
2 257 0.1
2 302 0.1
21 302 0.1
25 302 0.1
52 302 0.1
231 302 0.1
25 302 0.1
52 302 0.1
21 302 0.1
231 302 0.1
2 302 0.1
2 308 0.1
78 308 0.1
139 308 0.1
248 308 0.1
284 308 0.1
139 308 0.1
284 308 0.1
78 308 0.1
248 308 0.1
2 308 0.1
3 35 0.041667
4 35 0.041667
8 35 0.041667
10 35 0.041667
19 35 0.041667
76 35 0.041667
90 35 0.041667
100 35 0.041667
149 35 0.041667
167 35 0.041667
210 35 0.041667
233 35 0.041667
8 35 0.041667
19 35 0.041667
90 35 0.041667
10 35 0.041667
149 35 0.041667
233 35 0.041667
76 35 0.041667
100 35 0.041667
210 35 0.041667
167 35 0.041667
3 35 0.041667
4 35 0.041667
3 90 0.035714
5 90 0.035714
10 90 0.035714
31 90 0.035714
35 90 0.035714
102 90 0.035714
135 90 0.035714
148 90 0.035714
180 90 0.035714
187 90 0.035714
216 90 0.035714
222 90 0.035714
268 90 0.035714
290 90 0.035714
5 90 0.035714
216 90 0.035714
187 90 0.035714
35 90 0.035714
135 90 0.035714
10 90 0.035714
102 90 0.035714
290 90 0.035714
31 90 0.035714
148 90 0.035714
222 90 0.035714
180 90 0.035714
268 90 0.035714
3 90 0.035714
3 113 0.055556
5 113 0.055556
21 113 0.055556
45 113 0.055556
105 113 0.055556
130 113 0.055556
201 113 0.055556
280 113 0.055556
292 113 0.055556
5 113 0.055556
105 113 0.055556
21 113 0.055556
45 113 0.055556
201 113 0.055556
280 113 0.055556
130 113 0.055556
292 113 0.055556
3 113 0.055556
3 121 0.083333
17 121 0.083333
39 121 0.083333
48 121 0.083333
103 121 0.083333
226 121 0.083333
17 121 0.083333
48 121 0.083333
39 121 0.083333
103 121 0.083333
226 121 0.083333
3 121 0.083333
3 131 0.055556
19 131 0.055556
79 131 0.055556
100 131 0.055556
106 131 0.055556
133 131 0.055556
151 131 0.055556
218 131 0.055556
256 131 0.055556
79 131 0.055556
19 131 0.055556
218 131 0.055556
256 131 0.055556
151 131 0.055556
100 131 0.055556
106 131 0.055556
133 131 0.055556
3 131 0.055556
3 135 0.0625
8 135 0.0625
67 135 0.0625
71 135 0.0625
90 135 0.0625
140 135 0.0625
164 135 0.0625
295 135 0.0625
67 135 0.0625
140 135 0.0625
8 135 0.0625
71 135 0.0625
90 135 0.0625
295 135 0.0625
164 135 0.0625
3 135 0.0625
3 166 0.05
13 166 0.05
15 166 0.05
38 166 0.05
117 166 0.05
230 166 0.05
248 166 0.05
269 166 0.05
277 166 0.05
284 166 0.05
15 166 0.05
13 166 0.05
284 166 0.05
117 166 0.05
38 166 0.05
248 166 0.05
277 166 0.05
269 166 0.05
230 166 0.05
3 166 0.05
3 190 0.083333
9 190 0.083333
10 190 0.083333
11 190 0.083333
79 190 0.083333
227 190 0.083333
79 190 0.083333
9 190 0.083333
10 190 0.083333
11 190 0.083333
227 190 0.083333
3 190 0.083333
3 198 0.1
5 198 0.1
8 198 0.1
51 198 0.1
174 198 0.1
5 198 0.1
8 198 0.1
51 198 0.1
174 198 0.1
3 198 0.1
3 221 0.083333
5 221 0.083333
25 221 0.083333
140 221 0.083333
196 221 0.083333
255 221 0.083333
5 221 0.083333
25 221 0.083333
140 221 0.083333
196 221 0.083333
255 221 0.083333
3 221 0.083333
3 237 0.083333
5 237 0.083333
59 237 0.083333
84 237 0.083333
95 237 0.083333
298 237 0.083333
5 237 0.083333
95 237 0.083333
298 237 0.083333
59 237 0.083333
84 237 0.083333
3 237 0.083333
3 243 0.1
29 243 0.1
144 243 0.1
213 243 0.1
236 243 0.1
29 243 0.1
213 243 0.1
236 243 0.1
144 243 0.1
3 243 0.1
3 284 0.083333
6 284 0.083333
26 284 0.083333
43 284 0.083333
166 284 0.083333
308 284 0.083333
6 284 0.083333
43 284 0.083333
308 284 0.083333
166 284 0.083333
26 284 0.083333
3 284 0.083333
4 10 0.0125
5 10 0.0125
7 10 0.0125
8 10 0.0125
9 10 0.0125
11 10 0.0125
12 10 0.0125
17 10 0.0125
21 10 0.0125
22 10 0.0125
29 10 0.0125
33 10 0.0125
34 10 0.0125
35 10 0.0125
52 10 0.0125
56 10 0.0125
71 10 0.0125
75 10 0.0125
83 10 0.0125
90 10 0.0125
117 10 0.0125
122 10 0.0125
125 10 0.0125
132 10 0.0125
144 10 0.0125
146 10 0.0125
150 10 0.0125
169 10 0.0125
171 10 0.0125
177 10 0.0125
178 10 0.0125
188 10 0.0125
190 10 0.0125
212 10 0.0125
217 10 0.0125
234 10 0.0125
246 10 0.0125
249 10 0.0125
280 10 0.0125
287 10 0.0125
5 10 0.0125
7 10 0.0125
17 10 0.0125
52 10 0.0125
8 10 0.0125
9 10 0.0125
22 10 0.0125
71 10 0.0125
246 10 0.0125
21 10 0.0125
178 10 0.0125
35 10 0.0125
90 10 0.0125
190 10 0.0125
11 10 0.0125
12 10 0.0125
29 10 0.0125
117 10 0.0125
249 10 0.0125
287 10 0.0125
33 10 0.0125
75 10 0.0125
171 10 0.0125
280 10 0.0125
34 10 0.0125
83 10 0.0125
234 10 0.0125
56 10 0.0125
125 10 0.0125
122 10 0.0125
132 10 0.0125
144 10 0.0125
146 10 0.0125
150 10 0.0125
169 10 0.0125
177 10 0.0125
188 10 0.0125
212 10 0.0125
217 10 0.0125
4 10 0.0125
4 11 0.016129
6 11 0.016129
7 11 0.016129
9 11 0.016129
10 11 0.016129
13 11 0.016129
14 11 0.016129
15 11 0.016129
16 11 0.016129
20 11 0.016129
29 11 0.016129
31 11 0.016129
57 11 0.016129
58 11 0.016129
72 11 0.016129
83 11 0.016129
85 11 0.016129
92 11 0.016129
100 11 0.016129
106 11 0.016129
107 11 0.016129
177 11 0.016129
190 11 0.016129
242 11 0.016129
248 11 0.016129
261 11 0.016129
272 11 0.016129
283 11 0.016129
293 11 0.016129
310 11 0.016129
312 11 0.016129
6 11 0.016129
7 11 0.016129
15 11 0.016129
9 11 0.016129
16 11 0.016129
13 11 0.016129
20 11 0.016129
190 11 0.016129
10 11 0.016129
14 11 0.016129
29 11 0.016129
57 11 0.016129
58 11 0.016129
72 11 0.016129
107 11 0.016129
31 11 0.016129
83 11 0.016129
261 11 0.016129
85 11 0.016129
100 11 0.016129
177 11 0.016129
92 11 0.016129
106 11 0.016129
242 11 0.016129
248 11 0.016129
272 11 0.016129
283 11 0.016129
293 11 0.016129
310 11 0.016129
312 11 0.016129
4 11 0.016129
4 12 0.017857
5 12 0.017857
6 12 0.017857
9 12 0.017857
10 12 0.017857
18 12 0.017857
21 12 0.017857
30 12 0.017857
37 12 0.017857
38 12 0.017857
45 12 0.017857
57 12 0.017857
60 12 0.017857
66 12 0.017857
77 12 0.017857
79 12 0.017857
92 12 0.017857
114 12 0.017857
137 12 0.017857
141 12 0.017857
145 12 0.017857
162 12 0.017857
202 12 0.017857
277 12 0.017857
295 12 0.017857
301 12 0.017857
305 12 0.017857
311 12 0.017857
5 12 0.017857
6 12 0.017857
60 12 0.017857
79 12 0.017857
9 12 0.017857
18 12 0.017857
21 12 0.017857
202 12 0.017857
10 12 0.017857
57 12 0.017857
66 12 0.017857
141 12 0.017857
38 12 0.017857
45 12 0.017857
77 12 0.017857
30 12 0.017857
145 12 0.017857
295 12 0.017857
37 12 0.017857
114 12 0.017857
137 12 0.017857
92 12 0.017857
162 12 0.017857
277 12 0.017857
301 12 0.017857
305 12 0.017857
311 12 0.017857
4 12 0.017857
4 14 0.022727
6 14 0.022727
8 14 0.022727
9 14 0.022727
11 14 0.022727
16 14 0.022727
17 14 0.022727
59 14 0.022727
97 14 0.022727
100 14 0.022727
123 14 0.022727
128 14 0.022727
130 14 0.022727
132 14 0.022727
134 14 0.022727
138 14 0.022727
144 14 0.022727
175 14 0.022727
187 14 0.022727
195 14 0.022727
231 14 0.022727
278 14 0.022727
6 14 0.022727
17 14 0.022727
8 14 0.022727
9 14 0.022727
16 14 0.022727
123 14 0.022727
128 14 0.022727
187 14 0.022727
175 14 0.022727
11 14 0.022727
59 14 0.022727
195 14 0.022727
97 14 0.022727
138 14 0.022727
231 14 0.022727
100 14 0.022727
132 14 0.022727
144 14 0.022727
130 14 0.022727
134 14 0.022727
278 14 0.022727
4 14 0.022727
4 29 0.029412
10 29 0.029412
11 29 0.029412
13 29 0.029412
27 29 0.029412
30 29 0.029412
32 29 0.029412
47 29 0.029412
63 29 0.029412
80 29 0.029412
125 29 0.029412
200 29 0.029412
220 29 0.029412
243 29 0.029412
281 29 0.029412
292 29 0.029412
293 29 0.029412
63 29 0.029412
27 29 0.029412
47 29 0.029412
13 29 0.029412
243 29 0.029412
10 29 0.029412
11 29 0.029412
200 29 0.029412
220 29 0.029412
32 29 0.029412
80 29 0.029412
30 29 0.029412
125 29 0.029412
293 29 0.029412
281 29 0.029412
292 29 0.029412
4 29 0.029412
4 42 0.025
5 42 0.025
6 42 0.025
8 42 0.025
20 42 0.025
44 42 0.025
47 42 0.025
48 42 0.025
56 42 0.025
66 42 0.025
92 42 0.025
96 42 0.025
123 42 0.025
162 42 0.025
181 42 0.025
204 42 0.025
209 42 0.025
240 42 0.025
271 42 0.025
292 42 0.025
5 42 0.025
6 42 0.025
44 42 0.025
48 42 0.025
8 42 0.025
47 42 0.025
96 42 0.025
123 42 0.025
20 42 0.025
209 42 0.025
66 42 0.025
240 42 0.025
181 42 0.025
56 42 0.025
204 42 0.025
92 42 0.025
162 42 0.025
292 42 0.025
271 42 0.025
4 42 0.025
4 46 0.071429
9 46 0.071429
20 46 0.071429
30 46 0.071429
40 46 0.071429
94 46 0.071429
122 46 0.071429
9 46 0.071429
20 46 0.071429
30 46 0.071429
40 46 0.071429
122 46 0.071429
94 46 0.071429
4 46 0.071429
4 51 0.013158
7 51 0.013158
22 51 0.013158
33 51 0.013158
39 51 0.013158
53 51 0.013158
55 51 0.013158
69 51 0.013158
74 51 0.013158
92 51 0.013158
115 51 0.013158
128 51 0.013158
136 51 0.013158
138 51 0.013158
147 51 0.013158
149 51 0.013158
153 51 0.013158
154 51 0.013158
168 51 0.013158
177 51 0.013158
179 51 0.013158
184 51 0.013158
185 51 0.013158
197 51 0.013158
198 51 0.013158
202 51 0.013158
206 51 0.013158
226 51 0.013158
240 51 0.013158
247 51 0.013158
250 51 0.013158
254 51 0.013158
257 51 0.013158
263 51 0.013158
281 51 0.013158
294 51 0.013158
297 51 0.013158
312 51 0.013158
7 51 0.013158
22 51 0.013158
128 51 0.013158
147 51 0.013158
53 51 0.013158
185 51 0.013158
202 51 0.013158
257 51 0.013158
198 51 0.013158
74 51 0.013158
115 51 0.013158
197 51 0.013158
149 51 0.013158
33 51 0.013158
55 51 0.013158
179 51 0.013158
240 51 0.013158
39 51 0.013158
138 51 0.013158
250 51 0.013158
177 51 0.013158
92 51 0.013158
312 51 0.013158
168 51 0.013158
184 51 0.013158
281 51 0.013158
154 51 0.013158
69 51 0.013158
226 51 0.013158
294 51 0.013158
247 51 0.013158
254 51 0.013158
263 51 0.013158
136 51 0.013158
153 51 0.013158
206 51 0.013158
297 51 0.013158
4 51 0.013158
4 59 0.038462
13 59 0.038462
14 59 0.038462
30 59 0.038462
31 59 0.038462
74 59 0.038462
94 59 0.038462
129 59 0.038462
136 59 0.038462
150 59 0.038462
211 59 0.038462
237 59 0.038462
265 59 0.038462
211 59 0.038462
13 59 0.038462
237 59 0.038462
14 59 0.038462
74 59 0.038462
30 59 0.038462
31 59 0.038462
265 59 0.038462
129 59 0.038462
150 59 0.038462
94 59 0.038462
136 59 0.038462
4 59 0.038462
4 62 0.035714
21 62 0.035714
23 62 0.035714
27 62 0.035714
58 62 0.035714
65 62 0.035714
84 62 0.035714
173 62 0.035714
185 62 0.035714
194 62 0.035714
252 62 0.035714
278 62 0.035714
282 62 0.035714
300 62 0.035714
27 62 0.035714
173 62 0.035714
21 62 0.035714
185 62 0.035714
194 62 0.035714
300 62 0.035714
58 62 0.035714
65 62 0.035714
84 62 0.035714
23 62 0.035714
278 62 0.035714
282 62 0.035714
252 62 0.035714
4 62 0.035714
4 73 0.055556
5 73 0.055556
17 73 0.055556
31 73 0.055556
55 73 0.055556
100 73 0.055556
108 73 0.055556
206 73 0.055556
222 73 0.055556
5 73 0.055556
17 73 0.055556
55 73 0.055556
31 73 0.055556
100 73 0.055556
222 73 0.055556
108 73 0.055556
206 73 0.055556
4 73 0.055556
4 74 0.0625
7 74 0.0625
21 74 0.0625
51 74 0.0625
59 74 0.0625
161 74 0.0625
206 74 0.0625
232 74 0.0625
7 74 0.0625
161 74 0.0625
21 74 0.0625
51 74 0.0625
59 74 0.0625
232 74 0.0625
206 74 0.0625
4 74 0.0625
4 115 0.038462
5 115 0.038462
31 115 0.038462
51 115 0.038462
55 115 0.038462
116 115 0.038462
142 115 0.038462
154 115 0.038462
157 115 0.038462
172 115 0.038462
191 115 0.038462
214 115 0.038462
219 115 0.038462
5 115 0.038462
214 115 0.038462
51 115 0.038462
191 115 0.038462
55 115 0.038462
157 115 0.038462
31 115 0.038462
142 115 0.038462
172 115 0.038462
219 115 0.038462
154 115 0.038462
116 115 0.038462
4 115 0.038462
4 117 0.03125
9 117 0.03125
10 117 0.03125
31 117 0.03125
37 117 0.03125
124 117 0.03125
166 117 0.03125
170 117 0.03125
187 117 0.03125
189 117 0.03125
202 117 0.03125
218 117 0.03125
229 117 0.03125
283 117 0.03125
293 117 0.03125
307 117 0.03125
9 117 0.03125
187 117 0.03125
202 117 0.03125
218 117 0.03125
166 117 0.03125
10 117 0.03125
189 117 0.03125
307 117 0.03125
31 117 0.03125
229 117 0.03125
37 117 0.03125
283 117 0.03125
293 117 0.03125
124 117 0.03125
170 117 0.03125
4 117 0.03125
4 191 0.083333
13 191 0.083333
106 191 0.083333
115 191 0.083333
122 191 0.083333
210 191 0.083333
13 191 0.083333
115 191 0.083333
122 191 0.083333
106 191 0.083333
210 191 0.083333
4 191 0.083333
4 197 0.1
6 197 0.1
9 197 0.1
19 197 0.1
51 197 0.1
6 197 0.1
9 197 0.1
19 197 0.1
51 197 0.1
4 197 0.1
4 200 0.1
15 200 0.1
29 200 0.1
78 200 0.1
124 200 0.1
15 200 0.1
29 200 0.1
78 200 0.1
124 200 0.1
4 200 0.1
4 223 0.1
6 223 0.1
45 223 0.1
53 223 0.1
211 223 0.1
6 223 0.1
211 223 0.1
53 223 0.1
45 223 0.1
4 223 0.1
4 256 0.083333
26 256 0.083333
54 256 0.083333
130 256 0.083333
131 256 0.083333
272 256 0.083333
54 256 0.083333
131 256 0.083333
26 256 0.083333
272 256 0.083333
130 256 0.083333
4 256 0.083333
4 266 0.1
5 266 0.1
75 266 0.1
132 266 0.1
242 266 0.1
5 266 0.1
75 266 0.1
132 266 0.1
242 266 0.1
4 266 0.1
4 296 0.1
40 296 0.1
167 296 0.1
233 296 0.1
262 296 0.1
233 296 0.1
40 296 0.1
262 296 0.1
167 296 0.1
4 296 0.1
5 26 0.021739
6 26 0.021739
8 26 0.021739
18 26 0.021739
21 26 0.021739
37 26 0.021739
53 26 0.021739
54 26 0.021739
61 26 0.021739
78 26 0.021739
83 26 0.021739
158 26 0.021739
161 26 0.021739
192 26 0.021739
211 26 0.021739
212 26 0.021739
219 26 0.021739
249 26 0.021739
255 26 0.021739
256 26 0.021739
262 26 0.021739
284 26 0.021739
294 26 0.021739
5 26 0.021739
6 26 0.021739
161 26 0.021739
211 26 0.021739
8 26 0.021739
18 26 0.021739
54 26 0.021739
21 26 0.021739
53 26 0.021739
284 26 0.021739
256 26 0.021739
249 26 0.021739
78 26 0.021739
83 26 0.021739
158 26 0.021739
37 26 0.021739
212 26 0.021739
61 26 0.021739
192 26 0.021739
219 26 0.021739
255 26 0.021739
262 26 0.021739
294 26 0.021739
5 57 0.038462
9 57 0.038462
11 57 0.038462
12 57 0.038462
22 57 0.038462
105 57 0.038462
120 57 0.038462
167 57 0.038462
193 57 0.038462
250 57 0.038462
265 57 0.038462
276 57 0.038462
287 57 0.038462
5 57 0.038462
120 57 0.038462
9 57 0.038462
22 57 0.038462
105 57 0.038462
11 57 0.038462
12 57 0.038462
287 57 0.038462
193 57 0.038462
265 57 0.038462
250 57 0.038462
276 57 0.038462
167 57 0.038462
5 66 0.0625
12 66 0.0625
33 66 0.0625
42 66 0.0625
55 66 0.0625
78 66 0.0625
81 66 0.0625
216 66 0.0625
5 66 0.0625
81 66 0.0625
216 66 0.0625
12 66 0.0625
42 66 0.0625
33 66 0.0625
55 66 0.0625
78 66 0.0625
5 86 0.045455
6 86 0.045455
21 86 0.045455
28 86 0.045455
49 86 0.045455
108 86 0.045455
118 86 0.045455
144 86 0.045455
225 86 0.045455
232 86 0.045455
261 86 0.045455
5 86 0.045455
6 86 0.045455
28 86 0.045455
225 86 0.045455
21 86 0.045455
118 86 0.045455
49 86 0.045455
261 86 0.045455
144 86 0.045455
232 86 0.045455
108 86 0.045455
5 91 0.045455
13 91 0.045455
23 91 0.045455
48 91 0.045455
55 91 0.045455
96 91 0.045455
112 91 0.045455
114 91 0.045455
127 91 0.045455
163 91 0.045455
271 91 0.045455
5 91 0.045455
48 91 0.045455
96 91 0.045455
13 91 0.045455
163 91 0.045455
55 91 0.045455
114 91 0.045455
23 91 0.045455
127 91 0.045455
271 91 0.045455
112 91 0.045455
5 118 0.1
13 118 0.1
22 118 0.1
23 118 0.1
86 118 0.1
5 118 0.1
22 118 0.1
13 118 0.1
86 118 0.1
23 118 0.1
5 141 0.083333
12 141 0.083333
27 141 0.083333
39 141 0.083333
55 141 0.083333
262 141 0.083333
5 141 0.083333
27 141 0.083333
12 141 0.083333
55 141 0.083333
39 141 0.083333
262 141 0.083333
5 149 0.071429
35 149 0.071429
51 149 0.071429
100 149 0.071429
136 149 0.071429
173 149 0.071429
306 149 0.071429
5 149 0.071429
306 149 0.071429
173 149 0.071429
35 149 0.071429
51 149 0.071429
100 149 0.071429
136 149 0.071429
5 160 0.083333
39 160 0.083333
84 160 0.083333
114 160 0.083333
146 160 0.083333
283 160 0.083333
5 160 0.083333
84 160 0.083333
39 160 0.083333
114 160 0.083333
146 160 0.083333
283 160 0.083333
5 163 0.0625
8 163 0.0625
40 163 0.0625
91 163 0.0625
112 163 0.0625
184 163 0.0625
262 163 0.0625
285 163 0.0625
5 163 0.0625
8 163 0.0625
285 163 0.0625
91 163 0.0625
40 163 0.0625
184 163 0.0625
262 163 0.0625
112 163 0.0625
5 182 0.1
18 182 0.1
23 182 0.1
25 182 0.1
55 182 0.1
5 182 0.1
25 182 0.1
18 182 0.1
55 182 0.1
23 182 0.1
5 205 0.083333
8 205 0.083333
21 205 0.083333
25 205 0.083333
194 205 0.083333
311 205 0.083333
5 205 0.083333
25 205 0.083333
8 205 0.083333
21 205 0.083333
194 205 0.083333
311 205 0.083333
5 215 0.1
21 215 0.1
34 215 0.1
43 215 0.1
92 215 0.1
5 215 0.1
43 215 0.1
21 215 0.1
34 215 0.1
92 215 0.1
5 220 0.1
7 220 0.1
29 220 0.1
63 220 0.1
177 220 0.1
5 220 0.1
7 220 0.1
63 220 0.1
29 220 0.1
177 220 0.1
5 233 0.071429
35 233 0.071429
48 233 0.071429
133 233 0.071429
188 233 0.071429
265 233 0.071429
296 233 0.071429
5 233 0.071429
48 233 0.071429
35 233 0.071429
296 233 0.071429
265 233 0.071429
188 233 0.071429
133 233 0.071429
5 241 0.1
9 241 0.1
84 241 0.1
100 241 0.1
144 241 0.1
5 241 0.1
9 241 0.1
84 241 0.1
100 241 0.1
144 241 0.1
5 249 0.1
10 249 0.1
26 249 0.1
36 249 0.1
144 249 0.1
5 249 0.1
36 249 0.1
10 249 0.1
26 249 0.1
144 249 0.1
5 275 0.1
56 275 0.1
71 275 0.1
83 275 0.1
89 275 0.1
5 275 0.1
89 275 0.1
71 275 0.1
83 275 0.1
56 275 0.1
5 287 0.1
9 287 0.1
10 287 0.1
39 287 0.1
57 287 0.1
5 287 0.1
9 287 0.1
10 287 0.1
57 287 0.1
39 287 0.1
5 300 0.1
25 300 0.1
44 300 0.1
62 300 0.1
127 300 0.1
5 300 0.1
25 300 0.1
44 300 0.1
62 300 0.1
127 300 0.1
6 32 0.045455
13 32 0.045455
17 32 0.045455
21 32 0.045455
29 32 0.045455
33 32 0.045455
76 32 0.045455
77 32 0.045455
85 32 0.045455
170 32 0.045455
304 32 0.045455
6 32 0.045455
17 32 0.045455
13 32 0.045455
21 32 0.045455
29 32 0.045455
33 32 0.045455
76 32 0.045455
77 32 0.045455
85 32 0.045455
170 32 0.045455
304 32 0.045455
6 33 0.025
9 33 0.025
10 33 0.025
20 33 0.025
32 33 0.025
51 33 0.025
63 33 0.025
65 33 0.025
66 33 0.025
69 33 0.025
88 33 0.025
106 33 0.025
133 33 0.025
137 33 0.025
168 33 0.025
224 33 0.025
242 33 0.025
244 33 0.025
276 33 0.025
286 33 0.025
6 33 0.025
63 33 0.025
9 33 0.025
20 33 0.025
244 33 0.025
10 33 0.025
51 33 0.025
66 33 0.025
32 33 0.025
65 33 0.025
137 33 0.025
106 33 0.025
242 33 0.025
168 33 0.025
276 33 0.025
224 33 0.025
69 33 0.025
88 33 0.025
286 33 0.025
133 33 0.025
6 38 0.0625
9 38 0.0625
12 38 0.0625
20 38 0.0625
37 38 0.0625
71 38 0.0625
165 38 0.0625
166 38 0.0625
6 38 0.0625
9 38 0.0625
71 38 0.0625
20 38 0.0625
166 38 0.0625
12 38 0.0625
37 38 0.0625
165 38 0.0625
6 45 0.033333
7 45 0.033333
9 45 0.033333
12 45 0.033333
30 45 0.033333
80 45 0.033333
112 45 0.033333
113 45 0.033333
116 45 0.033333
126 45 0.033333
165 45 0.033333
199 45 0.033333
203 45 0.033333
223 45 0.033333
294 45 0.033333
6 45 0.033333
7 45 0.033333
9 45 0.033333
113 45 0.033333
12 45 0.033333
223 45 0.033333
80 45 0.033333
126 45 0.033333
199 45 0.033333
30 45 0.033333
203 45 0.033333
294 45 0.033333
165 45 0.033333
116 45 0.033333
112 45 0.033333
6 55 0.02381
15 55 0.02381
37 55 0.02381
40 55 0.02381
51 55 0.02381
66 55 0.02381
73 55 0.02381
76 55 0.02381
91 55 0.02381
105 55 0.02381
109 55 0.02381
111 55 0.02381
115 55 0.02381
127 55 0.02381
137 55 0.02381
141 55 0.02381
168 55 0.02381
182 55 0.02381
199 55 0.02381
207 55 0.02381
273 55 0.02381
6 55 0.02381
15 55 0.02381
105 55 0.02381
273 55 0.02381
51 55 0.02381
73 55 0.02381
115 55 0.02381
66 55 0.02381
91 55 0.02381
141 55 0.02381
182 55 0.02381
76 55 0.02381
199 55 0.02381
111 55 0.02381
37 55 0.02381
40 55 0.02381
137 55 0.02381
168 55 0.02381
127 55 0.02381
109 55 0.02381
207 55 0.02381
6 58 0.038462
9 58 0.038462
11 58 0.038462
43 58 0.038462
44 58 0.038462
62 58 0.038462
110 58 0.038462
124 58 0.038462
159 58 0.038462
195 58 0.038462
218 58 0.038462
276 58 0.038462
309 58 0.038462
6 58 0.038462
43 58 0.038462
44 58 0.038462
9 58 0.038462
159 58 0.038462
218 58 0.038462
11 58 0.038462
62 58 0.038462
110 58 0.038462
195 58 0.038462
309 58 0.038462
276 58 0.038462
124 58 0.038462
6 65 0.045455
15 65 0.045455
16 65 0.045455
33 65 0.045455
62 65 0.045455
84 65 0.045455
119 65 0.045455
174 65 0.045455
181 65 0.045455
231 65 0.045455
288 65 0.045455
6 65 0.045455
15 65 0.045455
16 65 0.045455
288 65 0.045455
62 65 0.045455
33 65 0.045455
84 65 0.045455
181 65 0.045455
119 65 0.045455
174 65 0.045455
231 65 0.045455
6 72 0.071429
11 72 0.071429
40 72 0.071429
56 72 0.071429
68 72 0.071429
89 72 0.071429
231 72 0.071429
6 72 0.071429
68 72 0.071429
89 72 0.071429
11 72 0.071429
56 72 0.071429
231 72 0.071429
40 72 0.071429
6 75 0.055556
9 75 0.055556
10 75 0.055556
49 75 0.055556
71 75 0.055556
128 75 0.055556
253 75 0.055556
266 75 0.055556
277 75 0.055556
6 75 0.055556
9 75 0.055556
71 75 0.055556
128 75 0.055556
10 75 0.055556
266 75 0.055556
49 75 0.055556
277 75 0.055556
253 75 0.055556
6 76 0.0625
25 76 0.0625
32 76 0.0625
35 76 0.0625
55 76 0.0625
98 76 0.0625
114 76 0.0625
161 76 0.0625
6 76 0.0625
25 76 0.0625
98 76 0.0625
161 76 0.0625
35 76 0.0625
32 76 0.0625
55 76 0.0625
114 76 0.0625
6 77 0.035714
12 77 0.035714
18 77 0.035714
32 77 0.035714
71 77 0.035714
79 77 0.035714
82 77 0.035714
87 77 0.035714
140 77 0.035714
151 77 0.035714
222 77 0.035714
274 77 0.035714
277 77 0.035714
306 77 0.035714
6 77 0.035714
79 77 0.035714
140 77 0.035714
306 77 0.035714
18 77 0.035714
71 77 0.035714
12 77 0.035714
32 77 0.035714
151 77 0.035714
82 77 0.035714
87 77 0.035714
277 77 0.035714
274 77 0.035714
222 77 0.035714
6 78 0.045455
13 78 0.045455
26 78 0.045455
40 78 0.045455
66 78 0.045455
108 78 0.045455
138 78 0.045455
200 78 0.045455
263 78 0.045455
294 78 0.045455
308 78 0.045455
6 78 0.045455
13 78 0.045455
308 78 0.045455
200 78 0.045455
26 78 0.045455
66 78 0.045455
138 78 0.045455
40 78 0.045455
294 78 0.045455
263 78 0.045455
108 78 0.045455
6 80 0.05
29 80 0.05
36 80 0.05
45 80 0.05
48 80 0.05
95 80 0.05
103 80 0.05
119 80 0.05
143 80 0.05
203 80 0.05
6 80 0.05
48 80 0.05
95 80 0.05
36 80 0.05
29 80 0.05
45 80 0.05
119 80 0.05
143 80 0.05
103 80 0.05
203 80 0.05
6 84 0.038462
21 84 0.038462
62 84 0.038462
65 84 0.038462
81 84 0.038462
101 84 0.038462
160 84 0.038462
237 84 0.038462
239 84 0.038462
241 84 0.038462
283 84 0.038462
291 84 0.038462
292 84 0.038462
6 84 0.038462
81 84 0.038462
291 84 0.038462
101 84 0.038462
21 84 0.038462
237 84 0.038462
62 84 0.038462
160 84 0.038462
241 84 0.038462
65 84 0.038462
283 84 0.038462
239 84 0.038462
292 84 0.038462
6 102 0.045455
9 102 0.045455
27 102 0.045455
61 102 0.045455
90 102 0.045455
126 102 0.045455
133 102 0.045455
155 102 0.045455
164 102 0.045455
196 102 0.045455
260 102 0.045455
6 102 0.045455
9 102 0.045455
27 102 0.045455
90 102 0.045455
126 102 0.045455
196 102 0.045455
61 102 0.045455
164 102 0.045455
155 102 0.045455
260 102 0.045455
133 102 0.045455
6 104 0.0625
8 104 0.0625
19 104 0.0625
21 104 0.0625
87 104 0.0625
106 104 0.0625
228 104 0.0625
269 104 0.0625
6 104 0.0625
8 104 0.0625
19 104 0.0625
21 104 0.0625
228 104 0.0625
87 104 0.0625
106 104 0.0625
269 104 0.0625
6 107 0.071429
11 107 0.071429
15 107 0.071429
20 107 0.071429
25 107 0.071429
132 107 0.071429
226 107 0.071429
6 107 0.071429
15 107 0.071429
25 107 0.071429
20 107 0.071429
11 107 0.071429
132 107 0.071429
226 107 0.071429
6 110 0.0625
18 110 0.0625
20 110 0.0625
24 110 0.0625
58 110 0.0625
116 110 0.0625
189 110 0.0625
297 110 0.0625
6 110 0.0625
18 110 0.0625
24 110 0.0625
20 110 0.0625
58 110 0.0625
189 110 0.0625
116 110 0.0625
297 110 0.0625
6 126 0.1
8 126 0.1
45 126 0.1
83 126 0.1
102 126 0.1
6 126 0.1
8 126 0.1
45 126 0.1
102 126 0.1
83 126 0.1
6 151 0.0625
53 151 0.0625
77 151 0.0625
82 151 0.0625
131 151 0.0625
216 151 0.0625
270 151 0.0625
297 151 0.0625
6 151 0.0625
216 151 0.0625
53 151 0.0625
131 151 0.0625
77 151 0.0625
82 151 0.0625
270 151 0.0625
297 151 0.0625
6 152 0.0625
15 152 0.0625
25 152 0.0625
49 152 0.0625
132 152 0.0625
165 152 0.0625
178 152 0.0625
270 152 0.0625
6 152 0.0625
15 152 0.0625
25 152 0.0625
178 152 0.0625
49 152 0.0625
132 152 0.0625
270 152 0.0625
165 152 0.0625
6 157 0.083333
27 157 0.083333
92 157 0.083333
94 157 0.083333
115 157 0.083333
173 157 0.083333
6 157 0.083333
27 157 0.083333
173 157 0.083333
115 157 0.083333
92 157 0.083333
94 157 0.083333
6 171 0.1
10 171 0.1
39 171 0.1
92 171 0.1
165 171 0.1
6 171 0.1
10 171 0.1
39 171 0.1
92 171 0.1
165 171 0.1
6 179 0.1
30 179 0.1
51 179 0.1
71 179 0.1
108 179 0.1
6 179 0.1
71 179 0.1
51 179 0.1
30 179 0.1
108 179 0.1
6 189 0.083333
22 189 0.083333
110 189 0.083333
117 189 0.083333
124 189 0.083333
208 189 0.083333
6 189 0.083333
22 189 0.083333
117 189 0.083333
110 189 0.083333
124 189 0.083333
208 189 0.083333
6 193 0.071429
9 193 0.071429
57 193 0.071429
79 193 0.071429
178 193 0.071429
268 193 0.071429
299 193 0.071429
6 193 0.071429
79 193 0.071429
9 193 0.071429
178 193 0.071429
57 193 0.071429
299 193 0.071429
268 193 0.071429
6 196 0.05
27 196 0.05
49 196 0.05
102 196 0.05
155 196 0.05
221 196 0.05
278 196 0.05
279 196 0.05
288 196 0.05
298 196 0.05
6 196 0.05
27 196 0.05
288 196 0.05
298 196 0.05
221 196 0.05
102 196 0.05
49 196 0.05
279 196 0.05
278 196 0.05
155 196 0.05
6 199 0.1
16 199 0.1
45 199 0.1
55 199 0.1
105 199 0.1
6 199 0.1
16 199 0.1
105 199 0.1
45 199 0.1
55 199 0.1
6 201 0.1
27 201 0.1
49 201 0.1
81 201 0.1
113 201 0.1
6 201 0.1
81 201 0.1
27 201 0.1
113 201 0.1
49 201 0.1
6 213 0.071429
31 213 0.071429
37 213 0.071429
53 213 0.071429
89 213 0.071429
238 213 0.071429
243 213 0.071429
6 213 0.071429
89 213 0.071429
53 213 0.071429
243 213 0.071429
31 213 0.071429
37 213 0.071429
238 213 0.071429
6 227 0.083333
137 227 0.083333
147 227 0.083333
150 227 0.083333
190 227 0.083333
289 227 0.083333
6 227 0.083333
147 227 0.083333
190 227 0.083333
137 227 0.083333
150 227 0.083333
289 227 0.083333
6 235 0.083333
17 235 0.083333
53 235 0.083333
81 235 0.083333
144 235 0.083333
278 235 0.083333
6 235 0.083333
17 235 0.083333
81 235 0.083333
53 235 0.083333
144 235 0.083333
278 235 0.083333
6 240 0.1
42 240 0.1
51 240 0.1
71 240 0.1
79 240 0.1
6 240 0.1
79 240 0.1
71 240 0.1
42 240 0.1
51 240 0.1
6 280 0.1
10 280 0.1
21 280 0.1
34 280 0.1
113 280 0.1
6 280 0.1
21 280 0.1
113 280 0.1
10 280 0.1
34 280 0.1
6 290 0.1
21 290 0.1
90 290 0.1
119 290 0.1
183 290 0.1
6 290 0.1
21 290 0.1
183 290 0.1
90 290 0.1
119 290 0.1
6 307 0.1
24 307 0.1
61 307 0.1
93 307 0.1
117 307 0.1
6 307 0.1
24 307 0.1
117 307 0.1
93 307 0.1
61 307 0.1
7 30 0.038462
12 30 0.038462
18 30 0.038462
24 30 0.038462
29 30 0.038462
45 30 0.038462
46 30 0.038462
59 30 0.038462
88 30 0.038462
120 30 0.038462
179 30 0.038462
263 30 0.038462
276 30 0.038462
7 30 0.038462
120 30 0.038462
18 30 0.038462
24 30 0.038462
12 30 0.038462
29 30 0.038462
46 30 0.038462
59 30 0.038462
45 30 0.038462
179 30 0.038462
276 30 0.038462
88 30 0.038462
263 30 0.038462
7 31 0.026316
9 31 0.026316
11 31 0.026316
16 31 0.026316
23 31 0.026316
59 31 0.026316
73 31 0.026316
90 31 0.026316
95 31 0.026316
109 31 0.026316
115 31 0.026316
117 31 0.026316
119 31 0.026316
124 31 0.026316
147 31 0.026316
165 31 0.026316
194 31 0.026316
213 31 0.026316
282 31 0.026316
7 31 0.026316
95 31 0.026316
9 31 0.026316
16 31 0.026316
147 31 0.026316
194 31 0.026316
90 31 0.026316
11 31 0.026316
59 31 0.026316
73 31 0.026316
115 31 0.026316
117 31 0.026316
213 31 0.026316
119 31 0.026316
23 31 0.026316
282 31 0.026316
124 31 0.026316
109 31 0.026316
165 31 0.026316
7 34 0.033333
8 34 0.033333
10 34 0.033333
21 34 0.033333
23 34 0.033333
109 34 0.033333
129 34 0.033333
130 34 0.033333
185 34 0.033333
192 34 0.033333
207 34 0.033333
212 34 0.033333
215 34 0.033333
239 34 0.033333
280 34 0.033333
7 34 0.033333
8 34 0.033333
21 34 0.033333
185 34 0.033333
10 34 0.033333
215 34 0.033333
280 34 0.033333
129 34 0.033333
212 34 0.033333
23 34 0.033333
192 34 0.033333
130 34 0.033333
239 34 0.033333
109 34 0.033333
207 34 0.033333
7 39 0.02
19 39 0.02
20 39 0.02
24 39 0.02
27 39 0.02
40 39 0.02
48 39 0.02
51 39 0.02
85 39 0.02
93 39 0.02
111 39 0.02
121 39 0.02
133 39 0.02
134 39 0.02
141 39 0.02
154 39 0.02
160 39 0.02
171 39 0.02
176 39 0.02
183 39 0.02
209 39 0.02
257 39 0.02
267 39 0.02
287 39 0.02
303 39 0.02
7 39 0.02
48 39 0.02
19 39 0.02
24 39 0.02
27 39 0.02
20 39 0.02
183 39 0.02
209 39 0.02
257 39 0.02
121 39 0.02
51 39 0.02
141 39 0.02
160 39 0.02
287 39 0.02
171 39 0.02
93 39 0.02
111 39 0.02
303 39 0.02
40 39 0.02
85 39 0.02
134 39 0.02
154 39 0.02
176 39 0.02
133 39 0.02
267 39 0.02
7 49 0.027778
8 49 0.027778
9 49 0.027778
16 49 0.027778
27 49 0.027778
67 49 0.027778
75 49 0.027778
81 49 0.027778
82 49 0.027778
86 49 0.027778
109 49 0.027778
112 49 0.027778
152 49 0.027778
196 49 0.027778
201 49 0.027778
242 49 0.027778
262 49 0.027778
281 49 0.027778
7 49 0.027778
67 49 0.027778
81 49 0.027778
8 49 0.027778
9 49 0.027778
16 49 0.027778
27 49 0.027778
86 49 0.027778
75 49 0.027778
152 49 0.027778
196 49 0.027778
201 49 0.027778
82 49 0.027778
242 49 0.027778
281 49 0.027778
262 49 0.027778
109 49 0.027778
112 49 0.027778
7 83 0.05
10 83 0.05
11 83 0.05
26 83 0.05
27 83 0.05
126 83 0.05
183 83 0.05
229 83 0.05
264 83 0.05
275 83 0.05
7 83 0.05
27 83 0.05
183 83 0.05
10 83 0.05
11 83 0.05
26 83 0.05
275 83 0.05
126 83 0.05
229 83 0.05
264 83 0.05
7 93 0.05
13 93 0.05
22 93 0.05
39 93 0.05
64 93 0.05
142 93 0.05
176 93 0.05
270 93 0.05
303 93 0.05
307 93 0.05
7 93 0.05
22 93 0.05
64 93 0.05
13 93 0.05
307 93 0.05
39 93 0.05
142 93 0.05
303 93 0.05
270 93 0.05
176 93 0.05
7 111 0.071429
8 111 0.071429
39 111 0.071429
55 111 0.071429
92 111 0.071429
159 111 0.071429
209 111 0.071429
7 111 0.071429
8 111 0.071429
159 111 0.071429
209 111 0.071429
55 111 0.071429
39 111 0.071429
92 111 0.071429
7 181 0.071429
16 181 0.071429
20 181 0.071429
42 181 0.071429
65 181 0.071429
239 181 0.071429
312 181 0.071429
7 181 0.071429
16 181 0.071429
20 181 0.071429
42 181 0.071429
65 181 0.071429
312 181 0.071429
239 181 0.071429
7 195 0.1
14 195 0.1
21 195 0.1
24 195 0.1
58 195 0.1
7 195 0.1
24 195 0.1
21 195 0.1
14 195 0.1
58 195 0.1
7 234 0.083333
10 234 0.083333
21 234 0.083333
120 234 0.083333
159 234 0.083333
268 234 0.083333
7 234 0.083333
120 234 0.083333
21 234 0.083333
159 234 0.083333
10 234 0.083333
268 234 0.083333
7 236 0.0625
9 236 0.0625
40 236 0.0625
81 236 0.0625
105 236 0.0625
243 236 0.0625
248 236 0.0625
253 236 0.0625
7 236 0.0625
81 236 0.0625
9 236 0.0625
105 236 0.0625
243 236 0.0625
40 236 0.0625
248 236 0.0625
253 236 0.0625
7 261 0.1
11 261 0.1
13 261 0.1
15 261 0.1
86 261 0.1
7 261 0.1
15 261 0.1
13 261 0.1
11 261 0.1
86 261 0.1
7 279 0.1
16 279 0.1
105 279 0.1
161 279 0.1
196 279 0.1
7 279 0.1
161 279 0.1
16 279 0.1
105 279 0.1
196 279 0.1
7 299 0.1
79 299 0.1
114 299 0.1
147 299 0.1
193 299 0.1
7 299 0.1
79 299 0.1
147 299 0.1
193 299 0.1
114 299 0.1
8 56 0.05
9 56 0.05
10 56 0.05
25 56 0.05
42 56 0.05
69 56 0.05
72 56 0.05
101 56 0.05
175 56 0.05
275 56 0.05
25 56 0.05
8 56 0.05
9 56 0.05
101 56 0.05
175 56 0.05
10 56 0.05
42 56 0.05
275 56 0.05
72 56 0.05
69 56 0.05
8 82 0.045455
19 82 0.045455
25 82 0.045455
49 82 0.045455
77 82 0.045455
151 82 0.045455
155 82 0.045455
172 82 0.045455
251 82 0.045455
277 82 0.045455
289 82 0.045455
25 82 0.045455
8 82 0.045455
19 82 0.045455
77 82 0.045455
151 82 0.045455
49 82 0.045455
277 82 0.045455
155 82 0.045455
172 82 0.045455
251 82 0.045455
289 82 0.045455
8 87 0.0625
9 87 0.0625
37 87 0.0625
67 87 0.0625
77 87 0.0625
104 87 0.0625
146 87 0.0625
304 87 0.0625
67 87 0.0625
8 87 0.0625
9 87 0.0625
77 87 0.0625
104 87 0.0625
37 87 0.0625
146 87 0.0625
304 87 0.0625
8 97 0.0625
14 97 0.0625
16 97 0.0625
20 97 0.0625
36 97 0.0625
119 97 0.0625
164 97 0.0625
225 97 0.0625
8 97 0.0625
16 97 0.0625
225 97 0.0625
20 97 0.0625
36 97 0.0625
14 97 0.0625
119 97 0.0625
164 97 0.0625
8 119 0.055556
31 119 0.055556
65 119 0.055556
80 119 0.055556
97 119 0.055556
134 119 0.055556
207 119 0.055556
247 119 0.055556
290 119 0.055556
8 119 0.055556
65 119 0.055556
80 119 0.055556
290 119 0.055556
31 119 0.055556
97 119 0.055556
134 119 0.055556
247 119 0.055556
207 119 0.055556
8 125 0.1
10 125 0.1
13 125 0.1
29 125 0.1
81 125 0.1
81 125 0.1
8 125 0.1
13 125 0.1
10 125 0.1
29 125 0.1
8 138 0.041667
14 138 0.041667
51 138 0.041667
78 138 0.041667
112 138 0.041667
143 138 0.041667
150 138 0.041667
156 138 0.041667
210 138 0.041667
217 138 0.041667
239 138 0.041667
245 138 0.041667
8 138 0.041667
14 138 0.041667
51 138 0.041667
78 138 0.041667
143 138 0.041667
150 138 0.041667
217 138 0.041667
245 138 0.041667
239 138 0.041667
210 138 0.041667
112 138 0.041667
156 138 0.041667
8 142 0.071429
48 142 0.071429
60 142 0.071429
93 142 0.071429
115 142 0.071429
244 142 0.071429
253 142 0.071429
48 142 0.071429
60 142 0.071429
8 142 0.071429
244 142 0.071429
115 142 0.071429
93 142 0.071429
253 142 0.071429
8 143 0.055556
18 143 0.055556
25 143 0.055556
80 143 0.055556
138 143 0.055556
148 143 0.055556
257 143 0.055556
273 143 0.055556
274 143 0.055556
25 143 0.055556
8 143 0.055556
18 143 0.055556
273 143 0.055556
257 143 0.055556
80 143 0.055556
138 143 0.055556
148 143 0.055556
274 143 0.055556
8 145 0.083333
12 145 0.083333
17 145 0.083333
48 145 0.083333
103 145 0.083333
270 145 0.083333
17 145 0.083333
48 145 0.083333
8 145 0.083333
12 145 0.083333
270 145 0.083333
103 145 0.083333
8 158 0.1
9 158 0.1
19 158 0.1
26 158 0.1
81 158 0.1
81 158 0.1
8 158 0.1
9 158 0.1
19 158 0.1
26 158 0.1
8 174 0.0625
20 174 0.0625
65 174 0.0625
92 174 0.0625
148 174 0.0625
198 174 0.0625
207 174 0.0625
244 174 0.0625
8 174 0.0625
20 174 0.0625
244 174 0.0625
198 174 0.0625
65 174 0.0625
92 174 0.0625
148 174 0.0625
207 174 0.0625
8 204 0.071429
9 204 0.071429
41 204 0.071429
42 204 0.071429
144 204 0.071429
228 204 0.071429
260 204 0.071429
8 204 0.071429
9 204 0.071429
41 204 0.071429
228 204 0.071429
42 204 0.071429
144 204 0.071429
260 204 0.071429
8 229 0.1
83 229 0.1
117 229 0.1
128 229 0.1
222 229 0.1
8 229 0.1
128 229 0.1
117 229 0.1
83 229 0.1
222 229 0.1
8 231 0.083333
14 231 0.083333
25 231 0.083333
65 231 0.083333
72 231 0.083333
302 231 0.083333
25 231 0.083333
8 231 0.083333
302 231 0.083333
14 231 0.083333
65 231 0.083333
72 231 0.083333
8 265 0.1
57 265 0.1
59 265 0.1
167 265 0.1
233 265 0.1
8 265 0.1
59 265 0.1
57 265 0.1
233 265 0.1
167 265 0.1
8 295 0.1
12 295 0.1
19 295 0.1
89 295 0.1
135 295 0.1
89 295 0.1
8 295 0.1
19 295 0.1
135 295 0.1
12 295 0.1
8 303 0.1
39 303 0.1
93 303 0.1
100 303 0.1
210 303 0.1
8 303 0.1
39 303 0.1
93 303 0.1
100 303 0.1
210 303 0.1
8 309 0.1
58 309 0.1
89 309 0.1
146 309 0.1
286 309 0.1
89 309 0.1
8 309 0.1
58 309 0.1
146 309 0.1
286 309 0.1
9 37 0.029412
12 37 0.029412
16 37 0.029412
23 37 0.029412
26 37 0.029412
38 37 0.029412
53 37 0.029412
55 37 0.029412
67 37 0.029412
87 37 0.029412
105 37 0.029412
106 37 0.029412
117 37 0.029412
213 37 0.029412
238 37 0.029412
267 37 0.029412
304 37 0.029412
67 37 0.029412
9 37 0.029412
16 37 0.029412
105 37 0.029412
53 37 0.029412
12 37 0.029412
117 37 0.029412
26 37 0.029412
38 37 0.029412
55 37 0.029412
213 37 0.029412
87 37 0.029412
106 37 0.029412
23 37 0.029412
304 37 0.029412
238 37 0.029412
267 37 0.029412
9 40 0.026316
17 40 0.026316
22 40 0.026316
28 40 0.026316
39 40 0.026316
46 40 0.026316
54 40 0.026316
55 40 0.026316
72 40 0.026316
78 40 0.026316
94 40 0.026316
163 40 0.026316
167 40 0.026316
203 40 0.026316
236 40 0.026316
252 40 0.026316
259 40 0.026316
262 40 0.026316
296 40 0.026316
17 40 0.026316
28 40 0.026316
259 40 0.026316
9 40 0.026316
22 40 0.026316
54 40 0.026316
46 40 0.026316
296 40 0.026316
163 40 0.026316
55 40 0.026316
72 40 0.026316
78 40 0.026316
39 40 0.026316
236 40 0.026316
252 40 0.026316
94 40 0.026316
203 40 0.026316
262 40 0.026316
167 40 0.026316
9 85 0.083333
11 85 0.083333
16 85 0.083333
32 85 0.083333
39 85 0.083333
194 85 0.083333
9 85 0.083333
16 85 0.083333
194 85 0.083333
11 85 0.083333
32 85 0.083333
39 85 0.083333
9 100 0.035714
11 100 0.035714
14 100 0.035714
35 100 0.035714
73 100 0.035714
131 100 0.035714
149 100 0.035714
156 100 0.035714
175 100 0.035714
185 100 0.035714
232 100 0.035714
241 100 0.035714
297 100 0.035714
303 100 0.035714
9 100 0.035714
175 100 0.035714
185 100 0.035714
35 100 0.035714
131 100 0.035714
11 100 0.035714
14 100 0.035714
73 100 0.035714
149 100 0.035714
241 100 0.035714
303 100 0.035714
232 100 0.035714
297 100 0.035714
156 100 0.035714
9 114 0.041667
12 114 0.041667
76 114 0.041667
91 114 0.041667
108 114 0.041667
134 114 0.041667
147 114 0.041667
160 114 0.041667
172 114 0.041667
177 114 0.041667
294 114 0.041667
299 114 0.041667
9 114 0.041667
147 114 0.041667
12 114 0.041667
91 114 0.041667
160 114 0.041667
76 114 0.041667
299 114 0.041667
177 114 0.041667
134 114 0.041667
172 114 0.041667
294 114 0.041667
108 114 0.041667
9 122 0.055556
10 122 0.055556
22 122 0.055556
25 122 0.055556
46 122 0.055556
170 122 0.055556
191 122 0.055556
230 122 0.055556
271 122 0.055556
25 122 0.055556
9 122 0.055556
22 122 0.055556
10 122 0.055556
46 122 0.055556
191 122 0.055556
170 122 0.055556
271 122 0.055556
230 122 0.055556
9 129 0.1
34 129 0.1
54 129 0.1
59 129 0.1
88 129 0.1
9 129 0.1
54 129 0.1
59 129 0.1
34 129 0.1
88 129 0.1
9 132 0.045455
10 132 0.045455
14 132 0.045455
96 132 0.045455
107 132 0.045455
136 132 0.045455
152 132 0.045455
154 132 0.045455
245 132 0.045455
266 132 0.045455
271 132 0.045455
9 132 0.045455
96 132 0.045455
10 132 0.045455
14 132 0.045455
266 132 0.045455
107 132 0.045455
152 132 0.045455
245 132 0.045455
154 132 0.045455
271 132 0.045455
136 132 0.045455
9 137 0.071429
12 137 0.071429
27 137 0.071429
33 137 0.071429
55 137 0.071429
227 137 0.071429
298 137 0.071429
9 137 0.071429
27 137 0.071429
298 137 0.071429
12 137 0.071429
33 137 0.071429
55 137 0.071429
227 137 0.071429
9 250 0.1
51 250 0.1
57 250 0.1
144 250 0.1
161 250 0.1
161 250 0.1
9 250 0.1
51 250 0.1
57 250 0.1
144 250 0.1
10 144 0.038462
14 144 0.038462
67 144 0.038462
86 144 0.038462
106 144 0.038462
204 144 0.038462
217 144 0.038462
235 144 0.038462
241 144 0.038462
243 144 0.038462
249 144 0.038462
250 144 0.038462
285 144 0.038462
67 144 0.038462
285 144 0.038462
243 144 0.038462
10 144 0.038462
14 144 0.038462
86 144 0.038462
241 144 0.038462
249 144 0.038462
235 144 0.038462
204 144 0.038462
250 144 0.038462
217 144 0.038462
106 144 0.038462
10 146 0.071429
28 146 0.071429
87 146 0.071429
94 146 0.071429
127 146 0.071429
160 146 0.071429
309 146 0.071429
28 146 0.071429
10 146 0.071429
160 146 0.071429
87 146 0.071429
309 146 0.071429
127 146 0.071429
94 146 0.071429
10 150 0.0625
18 150 0.0625
59 150 0.0625
120 150 0.0625
138 150 0.0625
227 150 0.0625
252 150 0.0625
288 150 0.0625
120 150 0.0625
18 150 0.0625
288 150 0.0625
10 150 0.0625
59 150 0.0625
227 150 0.0625
138 150 0.0625
252 150 0.0625
10 169 0.083333
18 169 0.083333
44 169 0.083333
50 169 0.083333
168 169 0.083333
209 169 0.083333
44 169 0.083333
50 169 0.083333
18 169 0.083333
209 169 0.083333
10 169 0.083333
168 169 0.083333
10 177 0.083333
11 177 0.083333
47 177 0.083333
51 177 0.083333
114 177 0.083333
220 177 0.083333
47 177 0.083333
10 177 0.083333
11 177 0.083333
51 177 0.083333
220 177 0.083333
114 177 0.083333
10 188 0.0625
17 188 0.0625
21 188 0.0625
22 188 0.0625
178 188 0.0625
233 188 0.0625
258 188 0.0625
260 188 0.0625
17 188 0.0625
258 188 0.0625
22 188 0.0625
21 188 0.0625
178 188 0.0625
10 188 0.0625
233 188 0.0625
260 188 0.0625
10 212 0.1
26 212 0.1
27 212 0.1
34 212 0.1
159 212 0.1
27 212 0.1
159 212 0.1
10 212 0.1
26 212 0.1
34 212 0.1
10 217 0.1
20 217 0.1
54 217 0.1
138 217 0.1
144 217 0.1
54 217 0.1
20 217 0.1
10 217 0.1
138 217 0.1
144 217 0.1
11 92 0.038462
12 92 0.038462
25 92 0.038462
42 92 0.038462
51 92 0.038462
99 92 0.038462
111 92 0.038462
148 92 0.038462
157 92 0.038462
171 92 0.038462
174 92 0.038462
215 92 0.038462
251 92 0.038462
25 92 0.038462
99 92 0.038462
11 92 0.038462
12 92 0.038462
42 92 0.038462
51 92 0.038462
215 92 0.038462
157 92 0.038462
171 92 0.038462
111 92 0.038462
174 92 0.038462
148 92 0.038462
251 92 0.038462
11 106 0.0625
33 106 0.0625
37 106 0.0625
50 106 0.0625
104 106 0.0625
131 106 0.0625
144 106 0.0625
191 106 0.0625
50 106 0.0625
131 106 0.0625
11 106 0.0625
191 106 0.0625
33 106 0.0625
104 106 0.0625
37 106 0.0625
144 106 0.0625
11 242 0.083333
33 242 0.083333
49 242 0.083333
133 242 0.083333
230 242 0.083333
266 242 0.083333
11 242 0.083333
266 242 0.083333
33 242 0.083333
49 242 0.083333
133 242 0.083333
230 242 0.083333
11 248 0.071429
48 248 0.071429
60 248 0.071429
166 248 0.071429
236 248 0.071429
304 248 0.071429
308 248 0.071429
48 248 0.071429
60 248 0.071429
308 248 0.071429
166 248 0.071429
11 248 0.071429
236 248 0.071429
304 248 0.071429
11 272 0.1
95 272 0.1
147 272 0.1
251 272 0.1
256 272 0.1
95 272 0.1
147 272 0.1
11 272 0.1
256 272 0.1
251 272 0.1
11 283 0.1
84 283 0.1
88 283 0.1
117 283 0.1
160 283 0.1
11 283 0.1
117 283 0.1
160 283 0.1
84 283 0.1
88 283 0.1
11 293 0.1
29 293 0.1
117 293 0.1
183 293 0.1
258 293 0.1
258 293 0.1
183 293 0.1
11 293 0.1
29 293 0.1
117 293 0.1
11 310 0.1
43 310 0.1
44 310 0.1
206 310 0.1
268 310 0.1
43 310 0.1
44 310 0.1
11 310 0.1
206 310 0.1
268 310 0.1
11 312 0.1
16 312 0.1
51 312 0.1
123 312 0.1
181 312 0.1
16 312 0.1
123 312 0.1
11 312 0.1
51 312 0.1
181 312 0.1
12 162 0.083333
42 162 0.083333
48 162 0.083333
52 162 0.083333
109 162 0.083333
228 162 0.083333
48 162 0.083333
52 162 0.083333
228 162 0.083333
12 162 0.083333
42 162 0.083333
109 162 0.083333
12 277 0.083333
75 277 0.083333
77 277 0.083333
82 277 0.083333
166 277 0.083333
282 277 0.083333
166 277 0.083333
12 277 0.083333
75 277 0.083333
77 277 0.083333
82 277 0.083333
282 277 0.083333
12 301 0.1
25 301 0.1
41 301 0.1
208 301 0.1
254 301 0.1
25 301 0.1
41 301 0.1
12 301 0.1
208 301 0.1
254 301 0.1
12 305 0.1
21 305 0.1
25 305 0.1
48 305 0.1
282 305 0.1
25 305 0.1
48 305 0.1
21 305 0.1
12 305 0.1
282 305 0.1
12 311 0.1
44 311 0.1
50 311 0.1
103 311 0.1
205 311 0.1
44 311 0.1
50 311 0.1
12 311 0.1
205 311 0.1
103 311 0.1
13 23 0.038462
15 23 0.038462
16 23 0.038462
21 23 0.038462
22 23 0.038462
31 23 0.038462
34 23 0.038462
37 23 0.038462
62 23 0.038462
91 23 0.038462
118 23 0.038462
139 23 0.038462
182 23 0.038462
15 23 0.038462
16 23 0.038462
22 23 0.038462
139 23 0.038462
13 23 0.038462
21 23 0.038462
62 23 0.038462
91 23 0.038462
118 23 0.038462
182 23 0.038462
31 23 0.038462
34 23 0.038462
37 23 0.038462
13 61 0.055556
16 61 0.055556
21 61 0.055556
26 61 0.055556
48 61 0.055556
102 61 0.055556
136 61 0.055556
167 61 0.055556
307 61 0.055556
48 61 0.055556
16 61 0.055556
13 61 0.055556
21 61 0.055556
26 61 0.055556
102 61 0.055556
307 61 0.055556
167 61 0.055556
136 61 0.055556
13 148 0.0625
43 148 0.0625
90 148 0.0625
92 148 0.0625
143 148 0.0625
174 148 0.0625
230 148 0.0625
285 148 0.0625
43 148 0.0625
285 148 0.0625
13 148 0.0625
90 148 0.0625
143 148 0.0625
174 148 0.0625
92 148 0.0625
230 148 0.0625
13 164 0.083333
71 164 0.083333
97 164 0.083333
102 164 0.083333
135 164 0.083333
222 164 0.083333
71 164 0.083333
13 164 0.083333
135 164 0.083333
102 164 0.083333
97 164 0.083333
222 164 0.083333
13 168 0.071429
22 168 0.071429
33 168 0.071429
51 168 0.071429
55 168 0.071429
169 168 0.071429
263 168 0.071429
22 168 0.071429
13 168 0.071429
51 168 0.071429
33 168 0.071429
55 168 0.071429
169 168 0.071429
263 168 0.071429
13 192 0.1
26 192 0.1
34 192 0.1
67 192 0.1
96 192 0.1
67 192 0.1
96 192 0.1
13 192 0.1
26 192 0.1
34 192 0.1
13 245 0.083333
96 245 0.083333
105 245 0.083333
132 245 0.083333
138 245 0.083333
251 245 0.083333
96 245 0.083333
105 245 0.083333
13 245 0.083333
138 245 0.083333
132 245 0.083333
251 245 0.083333
14 130 0.071429
34 130 0.071429
54 130 0.071429
108 130 0.071429
113 130 0.071429
255 130 0.071429
256 130 0.071429
54 130 0.071429
113 130 0.071429
14 130 0.071429
256 130 0.071429
34 130 0.071429
255 130 0.071429
108 130 0.071429
14 134 0.071429
22 134 0.071429
39 134 0.071429
114 134 0.071429
119 134 0.071429
153 134 0.071429
267 134 0.071429
22 134 0.071429
14 134 0.071429
39 134 0.071429
119 134 0.071429
114 134 0.071429
267 134 0.071429
153 134 0.071429
14 278 0.1
62 278 0.1
196 278 0.1
222 278 0.1
235 278 0.1
14 278 0.1
62 278 0.1
196 278 0.1
235 278 0.1
222 278 0.1
16 264 0.1
64 264 0.1
79 264 0.1
83 264 0.1
96 264 0.1
79 264 0.1
16 264 0.1
64 264 0.1
96 264 0.1
83 264 0.1
16 270 0.1
93 270 0.1
145 270 0.1
151 270 0.1
152 270 0.1
16 270 0.1
151 270 0.1
152 270 0.1
93 270 0.1
145 270 0.1
16 276 0.1
30 276 0.1
33 276 0.1
57 276 0.1
58 276 0.1
16 276 0.1
57 276 0.1
33 276 0.1
58 276 0.1
30 276 0.1
16 282 0.083333
31 282 0.083333
62 282 0.083333
156 282 0.083333
277 282 0.083333
305 282 0.083333
16 282 0.083333
62 282 0.083333
31 282 0.083333
277 282 0.083333
305 282 0.083333
156 282 0.083333
17 155 0.071429
25 155 0.071429
82 155 0.071429
102 155 0.071429
133 155 0.071429
196 155 0.071429
208 155 0.071429
17 155 0.071429
25 155 0.071429
102 155 0.071429
196 155 0.071429
82 155 0.071429
208 155 0.071429
133 155 0.071429
17 184 0.1
51 184 0.1
124 184 0.1
159 184 0.1
163 184 0.1
17 184 0.1
159 184 0.1
51 184 0.1
163 184 0.1
124 184 0.1
18 224 0.1
33 224 0.1
41 224 0.1
44 224 0.1
54 224 0.1
44 224 0.1
18 224 0.1
41 224 0.1
54 224 0.1
33 224 0.1
18 232 0.1
74 232 0.1
86 232 0.1
100 232 0.1
133 232 0.1
18 232 0.1
74 232 0.1
86 232 0.1
100 232 0.1
133 232 0.1
18 239 0.1
34 239 0.1
84 239 0.1
138 239 0.1
181 239 0.1
18 239 0.1
84 239 0.1
34 239 0.1
181 239 0.1
138 239 0.1
18 260 0.1
102 260 0.1
123 260 0.1
188 260 0.1
204 260 0.1
18 260 0.1
123 260 0.1
102 260 0.1
204 260 0.1
188 260 0.1
18 269 0.1
21 269 0.1
28 269 0.1
104 269 0.1
166 269 0.1
28 269 0.1
18 269 0.1
21 269 0.1
166 269 0.1
104 269 0.1
18 281 0.1
29 281 0.1
49 281 0.1
51 281 0.1
186 281 0.1
18 281 0.1
29 281 0.1
51 281 0.1
49 281 0.1
186 281 0.1
19 127 0.0625
43 127 0.0625
55 127 0.0625
63 127 0.0625
91 127 0.0625
136 127 0.0625
146 127 0.0625
300 127 0.0625
43 127 0.0625
63 127 0.0625
19 127 0.0625
91 127 0.0625
300 127 0.0625
55 127 0.0625
146 127 0.0625
136 127 0.0625
19 172 0.083333
53 172 0.083333
82 172 0.083333
114 172 0.083333
115 172 0.083333
176 172 0.083333
19 172 0.083333
53 172 0.083333
115 172 0.083333
82 172 0.083333
114 172 0.083333
176 172 0.083333
19 274 0.1
20 274 0.1
63 274 0.1
77 274 0.1
143 274 0.1
63 274 0.1
19 274 0.1
20 274 0.1
77 274 0.1
143 274 0.1
20 103 0.0625
21 103 0.0625
24 103 0.0625
80 103 0.0625
89 103 0.0625
121 103 0.0625
145 103 0.0625
311 103 0.0625
89 103 0.0625
24 103 0.0625
20 103 0.0625
21 103 0.0625
121 103 0.0625
80 103 0.0625
145 103 0.0625
311 103 0.0625
20 219 0.1
26 219 0.1
98 219 0.1
112 219 0.1
115 219 0.1
98 219 0.1
20 219 0.1
115 219 0.1
26 219 0.1
112 219 0.1
21 70 0.1
24 70 0.1
25 70 0.1
50 70 0.1
67 70 0.1
25 70 0.1
50 70 0.1
67 70 0.1
24 70 0.1
21 70 0.1
21 154 0.1
39 154 0.1
51 154 0.1
115 154 0.1
132 154 0.1
21 154 0.1
51 154 0.1
115 154 0.1
39 154 0.1
132 154 0.1
21 186 0.083333
27 186 0.083333
28 186 0.083333
167 186 0.083333
176 186 0.083333
281 186 0.083333
28 186 0.083333
27 186 0.083333
21 186 0.083333
281 186 0.083333
176 186 0.083333
167 186 0.083333
21 252 0.1
40 252 0.1
62 252 0.1
128 252 0.1
150 252 0.1
128 252 0.1
21 252 0.1
62 252 0.1
40 252 0.1
150 252 0.1
21 253 0.1
75 253 0.1
95 253 0.1
142 253 0.1
236 253 0.1
95 253 0.1
21 253 0.1
75 253 0.1
236 253 0.1
142 253 0.1
22 69 0.1
24 69 0.1
33 69 0.1
51 69 0.1
56 69 0.1
22 69 0.1
24 69 0.1
51 69 0.1
33 69 0.1
56 69 0.1
22 226 0.1
51 226 0.1
94 226 0.1
107 226 0.1
121 226 0.1
22 226 0.1
121 226 0.1
51 226 0.1
107 226 0.1
94 226 0.1
24 88 0.05
30 88 0.05
33 88 0.05
43 88 0.05
63 88 0.05
116 88 0.05
129 88 0.05
153 88 0.05
180 88 0.05
283 88 0.05
43 88 0.05
63 88 0.05
24 88 0.05
33 88 0.05
30 88 0.05
129 88 0.05
283 88 0.05
116 88 0.05
153 88 0.05
180 88 0.05
24 94 0.038462
40 94 0.038462
46 94 0.038462
59 94 0.038462
60 94 0.038462
98 94 0.038462
128 94 0.038462
146 94 0.038462
153 94 0.038462
157 94 0.038462
226 94 0.038462
238 94 0.038462
258 94 0.038462
60 94 0.038462
98 94 0.038462
258 94 0.038462
24 94 0.038462
128 94 0.038462
46 94 0.038462
59 94 0.038462
157 94 0.038462
40 94 0.038462
146 94 0.038462
226 94 0.038462
238 94 0.038462
153 94 0.038462
25 124 0.055556
28 124 0.055556
31 124 0.055556
58 124 0.055556
117 124 0.055556
184 124 0.055556
189 124 0.055556
200 124 0.055556
273 124 0.055556
25 124 0.055556
28 124 0.055556
273 124 0.055556
117 124 0.055556
200 124 0.055556
58 124 0.055556
189 124 0.055556
31 124 0.055556
184 124 0.055556
25 176 0.0625
27 176 0.0625
39 176 0.0625
93 176 0.0625
172 176 0.0625
186 176 0.0625
207 176 0.0625
259 176 0.0625
25 176 0.0625
259 176 0.0625
27 176 0.0625
39 176 0.0625
93 176 0.0625
172 176 0.0625
186 176 0.0625
207 176 0.0625
25 203 0.1
40 203 0.1
45 203 0.1
63 203 0.1
80 203 0.1
25 203 0.1
63 203 0.1
45 203 0.1
80 203 0.1
40 203 0.1
25 208 0.083333
128 208 0.083333
155 208 0.083333
161 208 0.083333
189 208 0.083333
301 208 0.083333
25 208 0.083333
161 208 0.083333
128 208 0.083333
189 208 0.083333
301 208 0.083333
155 208 0.083333
25 251 0.083333
82 251 0.083333
92 251 0.083333
245 251 0.083333
247 251 0.083333
272 251 0.083333
25 251 0.083333
82 251 0.083333
92 251 0.083333
272 251 0.083333
245 251 0.083333
247 251 0.083333
26 255 0.083333
44 255 0.083333
130 255 0.083333
139 255 0.083333
221 255 0.083333
263 255 0.083333
44 255 0.083333
139 255 0.083333
221 255 0.083333
26 255 0.083333
130 255 0.083333
263 255 0.083333
26 262 0.083333
40 262 0.083333
49 262 0.083333
141 262 0.083333
163 262 0.083333
296 262 0.083333
296 262 0.083333
26 262 0.083333
141 262 0.083333
163 262 0.083333
49 262 0.083333
40 262 0.083333
26 294 0.1
45 294 0.1
51 294 0.1
78 294 0.1
114 294 0.1
51 294 0.1
26 294 0.1
45 294 0.1
78 294 0.1
114 294 0.1
27 109 0.083333
31 109 0.083333
34 109 0.083333
49 109 0.083333
55 109 0.083333
162 109 0.083333
27 109 0.083333
55 109 0.083333
31 109 0.083333
34 109 0.083333
49 109 0.083333
162 109 0.083333
27 247 0.083333
51 247 0.083333
105 247 0.083333
119 247 0.083333
206 247 0.083333
251 247 0.083333
27 247 0.083333
105 247 0.083333
51 247 0.083333
119 247 0.083333
251 247 0.083333
206 247 0.083333
27 286 0.071429
33 286 0.071429
52 286 0.071429
147 286 0.071429
153 286 0.071429
291 286 0.071429
309 286 0.071429
52 286 0.071429
291 286 0.071429
27 286 0.071429
147 286 0.071429
33 286 0.071429
309 286 0.071429
153 286 0.071429
28 210 0.083333
35 210 0.083333
99 210 0.083333
138 210 0.083333
191 210 0.083333
303 210 0.083333
28 210 0.083333
99 210 0.083333
35 210 0.083333
191 210 0.083333
138 210 0.083333
303 210 0.083333
28 222 0.0625
73 222 0.0625
77 222 0.0625
90 222 0.0625
164 222 0.0625
229 222 0.0625
258 222 0.0625
278 222 0.0625
28 222 0.0625
258 222 0.0625
90 222 0.0625
73 222 0.0625
77 222 0.0625
229 222 0.0625
164 222 0.0625
278 222 0.0625
28 254 0.071429
51 254 0.071429
53 254 0.071429
54 254 0.071429
89 254 0.071429
292 254 0.071429
301 254 0.071429
28 254 0.071429
89 254 0.071429
54 254 0.071429
53 254 0.071429
51 254 0.071429
301 254 0.071429
292 254 0.071429
29 292 0.1
42 292 0.1
84 292 0.1
113 292 0.1
254 292 0.1
113 292 0.1
29 292 0.1
42 292 0.1
84 292 0.1
254 292 0.1
30 263 0.1
51 263 0.1
78 263 0.1
168 263 0.1
255 263 0.1
51 263 0.1
78 263 0.1
30 263 0.1
168 263 0.1
255 263 0.1
31 165 0.071429
38 165 0.071429
45 165 0.071429
89 165 0.071429
152 165 0.071429
171 165 0.071429
289 165 0.071429
89 165 0.071429
38 165 0.071429
45 165 0.071429
152 165 0.071429
171 165 0.071429
31 165 0.071429
289 165 0.071429
32 170 0.1
53 170 0.1
98 170 0.1
117 170 0.1
122 170 0.1
98 170 0.1
53 170 0.1
117 170 0.1
32 170 0.1
122 170 0.1
32 304 0.1
37 304 0.1
87 304 0.1
112 304 0.1
248 304 0.1
32 304 0.1
87 304 0.1
37 304 0.1
248 304 0.1
112 304 0.1
33 133 0.05
39 133 0.05
102 133 0.05
105 133 0.05
131 133 0.05
155 133 0.05
230 133 0.05
232 133 0.05
233 133 0.05
242 133 0.05
105 133 0.05
131 133 0.05
233 133 0.05
33 133 0.05
102 133 0.05
39 133 0.05
242 133 0.05
155 133 0.05
232 133 0.05
230 133 0.05
34 207 0.1
55 207 0.1
119 207 0.1
174 207 0.1
176 207 0.1
55 207 0.1
34 207 0.1
119 207 0.1
174 207 0.1
176 207 0.1
35 167 0.0625
40 167 0.0625
57 167 0.0625
61 167 0.0625
120 167 0.0625
186 167 0.0625
265 167 0.0625
296 167 0.0625
120 167 0.0625
35 167 0.0625
296 167 0.0625
57 167 0.0625
265 167 0.0625
40 167 0.0625
61 167 0.0625
186 167 0.0625
37 238 0.1
94 238 0.1
96 238 0.1
185 238 0.1
213 238 0.1
96 238 0.1
185 238 0.1
213 238 0.1
37 238 0.1
94 238 0.1
37 267 0.083333
39 267 0.083333
44 267 0.083333
134 267 0.083333
206 267 0.083333
289 267 0.083333
44 267 0.083333
39 267 0.083333
37 267 0.083333
134 267 0.083333
206 267 0.083333
289 267 0.083333
42 271 0.1
91 271 0.1
120 271 0.1
122 271 0.1
132 271 0.1
120 271 0.1
42 271 0.1
91 271 0.1
122 271 0.1
132 271 0.1
43 116 0.1
45 116 0.1
88 116 0.1
110 116 0.1
115 116 0.1
43 116 0.1
115 116 0.1
45 116 0.1
110 116 0.1
88 116 0.1
45 112 0.055556
49 112 0.055556
52 112 0.055556
91 112 0.055556
105 112 0.055556
138 112 0.055556
163 112 0.055556
219 112 0.055556
304 112 0.055556
52 112 0.055556
105 112 0.055556
91 112 0.055556
163 112 0.055556
45 112 0.055556
49 112 0.055556
138 112 0.055556
219 112 0.055556
304 112 0.055556
48 108 0.0625
50 108 0.0625
73 108 0.0625
78 108 0.0625
86 108 0.0625
114 108 0.0625
130 108 0.0625
179 108 0.0625
48 108 0.0625
50 108 0.0625
73 108 0.0625
86 108 0.0625
78 108 0.0625
179 108 0.0625
114 108 0.0625
130 108 0.0625
51 136 0.071429
59 136 0.071429
61 136 0.071429
127 136 0.071429
132 136 0.071429
149 136 0.071429
268 136 0.071429
51 136 0.071429
59 136 0.071429
149 136 0.071429
132 136 0.071429
61 136 0.071429
127 136 0.071429
268 136 0.071429
51 153 0.071429
88 153 0.071429
94 153 0.071429
134 153 0.071429
147 153 0.071429
230 153 0.071429
286 153 0.071429
147 153 0.071429
51 153 0.071429
134 153 0.071429
88 153 0.071429
94 153 0.071429
286 153 0.071429
230 153 0.071429
51 206 0.055556
73 206 0.055556
74 206 0.055556
123 206 0.055556
173 206 0.055556
247 206 0.055556
267 206 0.055556
268 206 0.055556
310 206 0.055556
123 206 0.055556
173 206 0.055556
51 206 0.055556
73 206 0.055556
74 206 0.055556
310 206 0.055556
247 206 0.055556
267 206 0.055556
268 206 0.055556
51 297 0.1
100 297 0.1
110 297 0.1
128 297 0.1
151 297 0.1
128 297 0.1
51 297 0.1
110 297 0.1
151 297 0.1
100 297 0.1
53 289 0.1
82 289 0.1
165 289 0.1
227 289 0.1
267 289 0.1
53 289 0.1
227 289 0.1
82 289 0.1
165 289 0.1
267 289 0.1
54 156 0.083333
71 156 0.083333
98 156 0.083333
100 156 0.083333
138 156 0.083333
282 156 0.083333
98 156 0.083333
54 156 0.083333
71 156 0.083333
138 156 0.083333
100 156 0.083333
282 156 0.083333
60 180 0.1
88 180 0.1
90 180 0.1
128 180 0.1
161 180 0.1
60 180 0.1
161 180 0.1
128 180 0.1
90 180 0.1
88 180 0.1
90 268 0.083333
136 268 0.083333
193 268 0.083333
206 268 0.083333
234 268 0.083333
310 268 0.083333
90 268 0.083333
193 268 0.083333
234 268 0.083333
310 268 0.083333
136 268 0.083333
206 268 0.083333
122 230 0.083333
133 230 0.083333
148 230 0.083333
153 230 0.083333
166 230 0.083333
242 230 0.083333
166 230 0.083333
122 230 0.083333
242 230 0.083333
148 230 0.083333
133 230 0.083333
153 230 0.083333
5 0 0.016129
6 0 0.016129
7 0 0.016129
15 0 0.016129
17 0 0.016129
25 0 0.016129
28 0 0.016129
43 0 0.016129
44 0 0.016129
48 0 0.016129
50 0 0.016129
52 0 0.016129
60 0 0.016129
63 0 0.016129
67 0 0.016129
68 0 0.016129
79 0 0.016129
81 0 0.016129
89 0 0.016129
95 0 0.016129
98 0 0.016129
120 0 0.016129
140 0 0.016129
161 0 0.016129
211 0 0.016129
214 0 0.016129
216 0 0.016129
258 0 0.016129
259 0 0.016129
291 0 0.016129
306 0 0.016129
5 0 0.016129
6 0 0.016129
7 0 0.016129
15 0 0.016129
17 0 0.016129
25 0 0.016129
28 0 0.016129
43 0 0.016129
44 0 0.016129
48 0 0.016129
50 0 0.016129
52 0 0.016129
60 0 0.016129
63 0 0.016129
67 0 0.016129
68 0 0.016129
79 0 0.016129
81 0 0.016129
89 0 0.016129
95 0 0.016129
98 0 0.016129
120 0 0.016129
140 0 0.016129
161 0 0.016129
211 0 0.016129
214 0 0.016129
216 0 0.016129
258 0 0.016129
259 0 0.016129
291 0 0.016129
306 0 0.016129
5 1 0.015152
6 1 0.015152
8 1 0.015152
9 1 0.015152
16 1 0.015152
18 1 0.015152
19 1 0.015152
22 1 0.015152
24 1 0.015152
27 1 0.015152
41 1 0.015152
47 1 0.015152
54 1 0.015152
64 1 0.015152
68 1 0.015152
71 1 0.015152
81 1 0.015152
96 1 0.015152
99 1 0.015152
101 1 0.015152
105 1 0.015152
123 1 0.015152
128 1 0.015152
139 1 0.015152
147 1 0.015152
173 1 0.015152
187 1 0.015152
225 1 0.015152
246 1 0.015152
273 1 0.015152
285 1 0.015152
288 1 0.015152
298 1 0.015152
5 1 0.015152
6 1 0.015152
68 1 0.015152
81 1 0.015152
8 1 0.015152
9 1 0.015152
16 1 0.015152
18 1 0.015152
19 1 0.015152
22 1 0.015152
24 1 0.015152
27 1 0.015152
41 1 0.015152
47 1 0.015152
54 1 0.015152
64 1 0.015152
71 1 0.015152
96 1 0.015152
99 1 0.015152
101 1 0.015152
105 1 0.015152
123 1 0.015152
128 1 0.015152
139 1 0.015152
147 1 0.015152
173 1 0.015152
187 1 0.015152
225 1 0.015152
246 1 0.015152
273 1 0.015152
285 1 0.015152
288 1 0.015152
298 1 0.015152
5 2 0.014706
6 2 0.014706
7 2 0.014706
9 2 0.014706
13 2 0.014706
16 2 0.014706
18 2 0.014706
19 2 0.014706
20 2 0.014706
21 2 0.014706
22 2 0.014706
24 2 0.014706
28 2 0.014706
36 2 0.014706
41 2 0.014706
52 2 0.014706
53 2 0.014706
159 2 0.014706
161 2 0.014706
175 2 0.014706
178 2 0.014706
183 2 0.014706
185 2 0.014706
187 2 0.014706
194 2 0.014706
202 2 0.014706
209 2 0.014706
218 2 0.014706
228 2 0.014706
244 2 0.014706
257 2 0.014706
298 2 0.014706
302 2 0.014706
308 2 0.014706
5 2 0.014706
6 2 0.014706
7 2 0.014706
28 2 0.014706
52 2 0.014706
161 2 0.014706
9 2 0.014706
16 2 0.014706
18 2 0.014706
19 2 0.014706
22 2 0.014706
24 2 0.014706
41 2 0.014706
187 2 0.014706
298 2 0.014706
13 2 0.014706
20 2 0.014706
21 2 0.014706
36 2 0.014706
53 2 0.014706
159 2 0.014706
175 2 0.014706
178 2 0.014706
183 2 0.014706
185 2 0.014706
194 2 0.014706
202 2 0.014706
209 2 0.014706
218 2 0.014706
228 2 0.014706
244 2 0.014706
257 2 0.014706
302 2 0.014706
308 2 0.014706
5 3 0.025
7 3 0.025
8 3 0.025
19 3 0.025
35 3 0.025
44 3 0.025
89 3 0.025
90 3 0.025
105 3 0.025
113 3 0.025
121 3 0.025
131 3 0.025
135 3 0.025
166 3 0.025
190 3 0.025
198 3 0.025
221 3 0.025
237 3 0.025
243 3 0.025
284 3 0.025
5 3 0.025
7 3 0.025
44 3 0.025
89 3 0.025
8 3 0.025
19 3 0.025
105 3 0.025
35 3 0.025
90 3 0.025
113 3 0.025
121 3 0.025
131 3 0.025
135 3 0.025
166 3 0.025
190 3 0.025
198 3 0.025
221 3 0.025
237 3 0.025
243 3 0.025
284 3 0.025
5 4 0.015625
6 4 0.015625
10 4 0.015625
11 4 0.015625
12 4 0.015625
13 4 0.015625
14 4 0.015625
19 4 0.015625
20 4 0.015625
27 4 0.015625
29 4 0.015625
35 4 0.015625
42 4 0.015625
46 4 0.015625
51 4 0.015625
54 4 0.015625
59 4 0.015625
62 4 0.015625
73 4 0.015625
74 4 0.015625
99 4 0.015625
115 4 0.015625
117 4 0.015625
123 4 0.015625
147 4 0.015625
191 4 0.015625
197 4 0.015625
200 4 0.015625
223 4 0.015625
256 4 0.015625
266 4 0.015625
296 4 0.015625
5 4 0.015625
6 4 0.015625
19 4 0.015625
27 4 0.015625
54 4 0.015625
99 4 0.015625
123 4 0.015625
147 4 0.015625
13 4 0.015625
20 4 0.015625
35 4 0.015625
10 4 0.015625
11 4 0.015625
12 4 0.015625
14 4 0.015625
29 4 0.015625
42 4 0.015625
46 4 0.015625
51 4 0.015625
59 4 0.015625
62 4 0.015625
73 4 0.015625
74 4 0.015625
115 4 0.015625
117 4 0.015625
191 4 0.015625
197 4 0.015625
200 4 0.015625
223 4 0.015625
256 4 0.015625
266 4 0.015625
296 4 0.015625
