0 1 0.012821
6 1 0.012821
8 1 0.012821
10 1 0.012821
13 1 0.012821
15 1 0.012821
18 1 0.012821
19 1 0.012821
20 1 0.012821
22 1 0.012821
24 1 0.012821
29 1 0.012821
33 1 0.012821
43 1 0.012821
45 1 0.012821
52 1 0.012821
55 1 0.012821
57 1 0.012821
60 1 0.012821
69 1 0.012821
73 1 0.012821
94 1 0.012821
97 1 0.012821
98 1 0.012821
101 1 0.012821
115 1 0.012821
129 1 0.012821
134 1 0.012821
145 1 0.012821
178 1 0.012821
181 1 0.012821
196 1 0.012821
215 1 0.012821
223 1 0.012821
241 1 0.012821
287 1 0.012821
307 1 0.012821
312 1 0.012821
331 1 0.012821
6 1 0.012821
10 1 0.012821
13 1 0.012821
18 1 0.012821
19 1 0.012821
20 1 0.012821
22 1 0.012821
33 1 0.012821
181 1 0.012821
8 1 0.012821
15 1 0.012821
24 1 0.012821
29 1 0.012821
43 1 0.012821
45 1 0.012821
52 1 0.012821
55 1 0.012821
57 1 0.012821
60 1 0.012821
69 1 0.012821
73 1 0.012821
94 1 0.012821
97 1 0.012821
98 1 0.012821
101 1 0.012821
115 1 0.012821
129 1 0.012821
134 1 0.012821
145 1 0.012821
178 1 0.012821
196 1 0.012821
215 1 0.012821
223 1 0.012821
241 1 0.012821
287 1 0.012821
307 1 0.012821
312 1 0.012821
331 1 0.012821
0 1 0.012821
0 2 0.015625
6 2 0.015625
7 2 0.015625
8 2 0.015625
9 2 0.015625
11 2 0.015625
13 2 0.015625
35 2 0.015625
39 2 0.015625
51 2 0.015625
53 2 0.015625
57 2 0.015625
59 2 0.015625
66 2 0.015625
72 2 0.015625
75 2 0.015625
85 2 0.015625
87 2 0.015625
89 2 0.015625
109 2 0.015625
160 2 0.015625
173 2 0.015625
176 2 0.015625
196 2 0.015625
213 2 0.015625
225 2 0.015625
247 2 0.015625
252 2 0.015625
258 2 0.015625
271 2 0.015625
297 2 0.015625
327 2 0.015625
6 2 0.015625
7 2 0.015625
9 2 0.015625
13 2 0.015625
66 2 0.015625
72 2 0.015625
160 2 0.015625
173 2 0.015625
8 2 0.015625
57 2 0.015625
196 2 0.015625
11 2 0.015625
35 2 0.015625
39 2 0.015625
51 2 0.015625
53 2 0.015625
59 2 0.015625
75 2 0.015625
85 2 0.015625
87 2 0.015625
89 2 0.015625
109 2 0.015625
176 2 0.015625
213 2 0.015625
225 2 0.015625
247 2 0.015625
252 2 0.015625
258 2 0.015625
271 2 0.015625
297 2 0.015625
327 2 0.015625
0 2 0.015625
0 3 0.009259
6 3 0.009259
7 3 0.009259
8 3 0.009259
10 3 0.009259
11 3 0.009259
13 3 0.009259
14 3 0.009259
16 3 0.009259
18 3 0.009259
23 3 0.009259
25 3 0.009259
26 3 0.009259
27 3 0.009259
28 3 0.009259
31 3 0.009259
37 3 0.009259
47 3 0.009259
49 3 0.009259
64 3 0.009259
73 3 0.009259
75 3 0.009259
77 3 0.009259
84 3 0.009259
87 3 0.009259
91 3 0.009259
93 3 0.009259
96 3 0.009259
103 3 0.009259
104 3 0.009259
106 3 0.009259
113 3 0.009259
131 3 0.009259
132 3 0.009259
135 3 0.009259
143 3 0.009259
152 3 0.009259
161 3 0.009259
166 3 0.009259
194 3 0.009259
205 3 0.009259
206 3 0.009259
217 3 0.009259
230 3 0.009259
233 3 0.009259
247 3 0.009259
252 3 0.009259
255 3 0.009259
256 3 0.009259
264 3 0.009259
278 3 0.009259
280 3 0.009259
285 3 0.009259
286 3 0.009259
6 3 0.009259
7 3 0.009259
10 3 0.009259
13 3 0.009259
14 3 0.009259
16 3 0.009259
18 3 0.009259
25 3 0.009259
28 3 0.009259
84 3 0.009259
152 3 0.009259
280 3 0.009259
286 3 0.009259
8 3 0.009259
73 3 0.009259
11 3 0.009259
75 3 0.009259
87 3 0.009259
247 3 0.009259
252 3 0.009259
23 3 0.009259
26 3 0.009259
27 3 0.009259
31 3 0.009259
37 3 0.009259
47 3 0.009259
49 3 0.009259
64 3 0.009259
77 3 0.009259
91 3 0.009259
93 3 0.009259
96 3 0.009259
103 3 0.009259
104 3 0.009259
106 3 0.009259
113 3 0.009259
131 3 0.009259
132 3 0.009259
135 3 0.009259
143 3 0.009259
161 3 0.009259
166 3 0.009259
194 3 0.009259
205 3 0.009259
206 3 0.009259
217 3 0.009259
230 3 0.009259
233 3 0.009259
255 3 0.009259
256 3 0.009259
264 3 0.009259
278 3 0.009259
285 3 0.009259
0 3 0.009259
0 4 0.027778
30 4 0.027778
31 4 0.027778
37 4 0.027778
52 4 0.027778
59 4 0.027778
82 4 0.027778
104 4 0.027778
119 4 0.027778
131 4 0.027778
140 4 0.027778
223 4 0.027778
260 4 0.027778
267 4 0.027778
271 4 0.027778
274 4 0.027778
279 4 0.027778
292 4 0.027778
82 4 0.027778
140 4 0.027778
52 4 0.027778
223 4 0.027778
59 4 0.027778
271 4 0.027778
31 4 0.027778
37 4 0.027778
104 4 0.027778
131 4 0.027778
30 4 0.027778
119 4 0.027778
260 4 0.027778
267 4 0.027778
274 4 0.027778
279 4 0.027778
292 4 0.027778
0 4 0.027778
0 5 0.021739
6 5 0.021739
7 5 0.021739
8 5 0.021739
23 5 0.021739
28 5 0.021739
34 5 0.021739
38 5 0.021739
47 5 0.021739
53 5 0.021739
66 5 0.021739
79 5 0.021739
104 5 0.021739
141 5 0.021739
145 5 0.021739
177 5 0.021739
179 5 0.021739
227 5 0.021739
245 5 0.021739
256 5 0.021739
265 5 0.021739
297 5 0.021739
311 5 0.021739
6 5 0.021739
7 5 0.021739
28 5 0.021739
34 5 0.021739
38 5 0.021739
66 5 0.021739
8 5 0.021739
145 5 0.021739
53 5 0.021739
297 5 0.021739
23 5 0.021739
47 5 0.021739
104 5 0.021739
256 5 0.021739
79 5 0.021739
141 5 0.021739
177 5 0.021739
179 5 0.021739
227 5 0.021739
245 5 0.021739
265 5 0.021739
311 5 0.021739
0 5 0.021739
0 6 0.013158
1 6 0.013158
2 6 0.013158
3 6 0.013158
5 6 0.013158
7 6 0.013158
8 6 0.013158
9 6 0.013158
10 6 0.013158
12 6 0.013158
14 6 0.013158
31 6 0.013158
39 6 0.013158
42 6 0.013158
44 6 0.013158
46 6 0.013158
49 6 0.013158
51 6 0.013158
69 6 0.013158
78 6 0.013158
79 6 0.013158
99 6 0.013158
100 6 0.013158
138 6 0.013158
142 6 0.013158
158 6 0.013158
163 6 0.013158
164 6 0.013158
197 6 0.013158
202 6 0.013158
215 6 0.013158
221 6 0.013158
237 6 0.013158
238 6 0.013158
257 6 0.013158
264 6 0.013158
271 6 0.013158
284 6 0.013158
1 6 0.013158
2 6 0.013158
3 6 0.013158
5 6 0.013158
7 6 0.013158
9 6 0.013158
10 6 0.013158
12 6 0.013158
14 6 0.013158
46 6 0.013158
8 6 0.013158
69 6 0.013158
215 6 0.013158
39 6 0.013158
51 6 0.013158
271 6 0.013158
31 6 0.013158
49 6 0.013158
264 6 0.013158
79 6 0.013158
42 6 0.013158
44 6 0.013158
78 6 0.013158
99 6 0.013158
100 6 0.013158
138 6 0.013158
142 6 0.013158
158 6 0.013158
163 6 0.013158
164 6 0.013158
197 6 0.013158
202 6 0.013158
221 6 0.013158
237 6 0.013158
238 6 0.013158
257 6 0.013158
284 6 0.013158
0 6 0.013158
0 7 0.021739
2 7 0.021739
3 7 0.021739
5 7 0.021739
6 7 0.021739
9 7 0.021739
11 7 0.021739
17 7 0.021739
18 7 0.021739
19 7 0.021739
72 7 0.021739
120 7 0.021739
126 7 0.021739
143 7 0.021739
154 7 0.021739
157 7 0.021739
176 7 0.021739
179 7 0.021739
216 7 0.021739
230 7 0.021739
234 7 0.021739
244 7 0.021739
332 7 0.021739
2 7 0.021739
3 7 0.021739
5 7 0.021739
6 7 0.021739
9 7 0.021739
17 7 0.021739
18 7 0.021739
19 7 0.021739
72 7 0.021739
216 7 0.021739
244 7 0.021739
11 7 0.021739
176 7 0.021739
143 7 0.021739
230 7 0.021739
179 7 0.021739
120 7 0.021739
126 7 0.021739
154 7 0.021739
157 7 0.021739
234 7 0.021739
332 7 0.021739
0 7 0.021739
0 9 0.015152
2 9 0.015152
6 9 0.015152
7 9 0.015152
8 9 0.015152
10 9 0.015152
11 9 0.015152
12 9 0.015152
14 9 0.015152
15 9 0.015152
17 9 0.015152
24 9 0.015152
27 9 0.015152
28 9 0.015152
38 9 0.015152
42 9 0.015152
50 9 0.015152
56 9 0.015152
66 9 0.015152
67 9 0.015152
80 9 0.015152
94 9 0.015152
100 9 0.015152
110 9 0.015152
120 9 0.015152
125 9 0.015152
141 9 0.015152
149 9 0.015152
158 9 0.015152
164 9 0.015152
179 9 0.015152
229 9 0.015152
321 9 0.015152
2 9 0.015152
6 9 0.015152
7 9 0.015152
10 9 0.015152
12 9 0.015152
14 9 0.015152
17 9 0.015152
28 9 0.015152
38 9 0.015152
50 9 0.015152
66 9 0.015152
67 9 0.015152
8 9 0.015152
15 9 0.015152
24 9 0.015152
94 9 0.015152
11 9 0.015152
27 9 0.015152
141 9 0.015152
179 9 0.015152
42 9 0.015152
100 9 0.015152
158 9 0.015152
164 9 0.015152
120 9 0.015152
321 9 0.015152
56 9 0.015152
80 9 0.015152
110 9 0.015152
125 9 0.015152
149 9 0.015152
229 9 0.015152
0 9 0.015152
0 10 0.011111
1 10 0.011111
3 10 0.011111
6 10 0.011111
9 10 0.011111
11 10 0.011111
12 10 0.011111
15 10 0.011111
19 10 0.011111
20 10 0.011111
23 10 0.011111
27 10 0.011111
31 10 0.011111
32 10 0.011111
34 10 0.011111
35 10 0.011111
37 10 0.011111
39 10 0.011111
41 10 0.011111
44 10 0.011111
45 10 0.011111
49 10 0.011111
54 10 0.011111
62 10 0.011111
70 10 0.011111
71 10 0.011111
73 10 0.011111
81 10 0.011111
83 10 0.011111
84 10 0.011111
93 10 0.011111
94 10 0.011111
99 10 0.011111
110 10 0.011111
111 10 0.011111
180 10 0.011111
182 10 0.011111
190 10 0.011111
215 10 0.011111
231 10 0.011111
240 10 0.011111
242 10 0.011111
243 10 0.011111
247 10 0.011111
328 10 0.011111
1 10 0.011111
3 10 0.011111
6 10 0.011111
9 10 0.011111
12 10 0.011111
19 10 0.011111
20 10 0.011111
34 10 0.011111
41 10 0.011111
54 10 0.011111
62 10 0.011111
84 10 0.011111
15 10 0.011111
45 10 0.011111
73 10 0.011111
94 10 0.011111
215 10 0.011111
11 10 0.011111
35 10 0.011111
39 10 0.011111
247 10 0.011111
23 10 0.011111
27 10 0.011111
31 10 0.011111
37 10 0.011111
49 10 0.011111
93 10 0.011111
44 10 0.011111
99 10 0.011111
83 10 0.011111
110 10 0.011111
32 10 0.011111
70 10 0.011111
71 10 0.011111
81 10 0.011111
111 10 0.011111
180 10 0.011111
182 10 0.011111
190 10 0.011111
231 10 0.011111
240 10 0.011111
242 10 0.011111
243 10 0.011111
328 10 0.011111
0 10 0.011111
0 12 0.02
6 12 0.02
8 12 0.02
9 12 0.02
10 12 0.02
13 12 0.02
16 12 0.02
18 12 0.02
26 12 0.02
63 12 0.02
84 12 0.02
87 12 0.02
90 12 0.02
92 12 0.02
125 12 0.02
136 12 0.02
137 12 0.02
145 12 0.02
163 12 0.02
176 12 0.02
236 12 0.02
283 12 0.02
293 12 0.02
319 12 0.02
325 12 0.02
6 12 0.02
9 12 0.02
10 12 0.02
13 12 0.02
16 12 0.02
18 12 0.02
84 12 0.02
8 12 0.02
145 12 0.02
87 12 0.02
176 12 0.02
26 12 0.02
163 12 0.02
125 12 0.02
63 12 0.02
90 12 0.02
92 12 0.02
136 12 0.02
137 12 0.02
236 12 0.02
283 12 0.02
293 12 0.02
319 12 0.02
325 12 0.02
0 12 0.02
0 13 0.009615
1 13 0.009615
2 13 0.009615
3 13 0.009615
12 13 0.009615
14 13 0.009615
15 13 0.009615
20 13 0.009615
21 13 0.009615
25 13 0.009615
27 13 0.009615
32 13 0.009615
33 13 0.009615
34 13 0.009615
42 13 0.009615
48 13 0.009615
50 13 0.009615
58 13 0.009615
64 13 0.009615
65 13 0.009615
68 13 0.009615
69 13 0.009615
81 13 0.009615
82 13 0.009615
86 13 0.009615
88 13 0.009615
102 13 0.009615
111 13 0.009615
126 13 0.009615
141 13 0.009615
148 13 0.009615
152 13 0.009615
158 13 0.009615
170 13 0.009615
172 13 0.009615
178 13 0.009615
180 13 0.009615
203 13 0.009615
204 13 0.009615
224 13 0.009615
239 13 0.009615
253 13 0.009615
265 13 0.009615
274 13 0.009615
282 13 0.009615
301 13 0.009615
311 13 0.009615
314 13 0.009615
324 13 0.009615
325 13 0.009615
330 13 0.009615
334 13 0.009615
1 13 0.009615
2 13 0.009615
3 13 0.009615
12 13 0.009615
14 13 0.009615
20 13 0.009615
21 13 0.009615
25 13 0.009615
33 13 0.009615
34 13 0.009615
48 13 0.009615
50 13 0.009615
58 13 0.009615
82 13 0.009615
102 13 0.009615
148 13 0.009615
152 13 0.009615
253 13 0.009615
15 13 0.009615
69 13 0.009615
178 13 0.009615
27 13 0.009615
64 13 0.009615
274 13 0.009615
141 13 0.009615
265 13 0.009615
311 13 0.009615
42 13 0.009615
158 13 0.009615
126 13 0.009615
32 13 0.009615
81 13 0.009615
111 13 0.009615
180 13 0.009615
172 13 0.009615
325 13 0.009615
65 13 0.009615
68 13 0.009615
86 13 0.009615
88 13 0.009615
170 13 0.009615
203 13 0.009615
204 13 0.009615
224 13 0.009615
239 13 0.009615
282 13 0.009615
301 13 0.009615
314 13 0.009615
324 13 0.009615
330 13 0.009615
334 13 0.009615
0 13 0.009615
0 14 0.021739
3 14 0.021739
6 14 0.021739
9 14 0.021739
13 14 0.021739
15 14 0.021739
16 14 0.021739
22 14 0.021739
30 14 0.021739
36 14 0.021739
38 14 0.021739
41 14 0.021739
51 14 0.021739
74 14 0.021739
77 14 0.021739
80 14 0.021739
100 14 0.021739
108 14 0.021739
110 14 0.021739
188 14 0.021739
192 14 0.021739
218 14 0.021739
302 14 0.021739
3 14 0.021739
6 14 0.021739
9 14 0.021739
13 14 0.021739
16 14 0.021739
22 14 0.021739
38 14 0.021739
41 14 0.021739
302 14 0.021739
15 14 0.021739
51 14 0.021739
77 14 0.021739
30 14 0.021739
100 14 0.021739
192 14 0.021739
80 14 0.021739
110 14 0.021739
36 14 0.021739
74 14 0.021739
108 14 0.021739
188 14 0.021739
218 14 0.021739
0 14 0.021739
0 16 0.016129
3 16 0.016129
11 16 0.016129
12 16 0.016129
14 16 0.016129
21 16 0.016129
26 16 0.016129
38 16 0.016129
60 16 0.016129
63 16 0.016129
65 16 0.016129
67 16 0.016129
68 16 0.016129
71 16 0.016129
75 16 0.016129
76 16 0.016129
97 16 0.016129
107 16 0.016129
121 16 0.016129
127 16 0.016129
128 16 0.016129
142 16 0.016129
146 16 0.016129
177 16 0.016129
201 16 0.016129
220 16 0.016129
232 16 0.016129
252 16 0.016129
284 16 0.016129
293 16 0.016129
317 16 0.016129
3 16 0.016129
12 16 0.016129
14 16 0.016129
21 16 0.016129
38 16 0.016129
67 16 0.016129
107 16 0.016129
128 16 0.016129
201 16 0.016129
60 16 0.016129
97 16 0.016129
11 16 0.016129
75 16 0.016129
252 16 0.016129
26 16 0.016129
177 16 0.016129
142 16 0.016129
284 16 0.016129
71 16 0.016129
63 16 0.016129
293 16 0.016129
65 16 0.016129
68 16 0.016129
76 16 0.016129
121 16 0.016129
127 16 0.016129
146 16 0.016129
220 16 0.016129
232 16 0.016129
317 16 0.016129
0 16 0.016129
0 17 0.017241
7 17 0.017241
9 17 0.017241
11 17 0.017241
15 17 0.017241
19 17 0.017241
24 17 0.017241
32 17 0.017241
37 17 0.017241
46 17 0.017241
49 17 0.017241
53 17 0.017241
62 17 0.017241
74 17 0.017241
80 17 0.017241
88 17 0.017241
90 17 0.017241
93 17 0.017241
101 17 0.017241
104 17 0.017241
138 17 0.017241
155 17 0.017241
164 17 0.017241
211 17 0.017241
226 17 0.017241
234 17 0.017241
278 17 0.017241
298 17 0.017241
323 17 0.017241
7 17 0.017241
9 17 0.017241
19 17 0.017241
46 17 0.017241
62 17 0.017241
15 17 0.017241
24 17 0.017241
101 17 0.017241
11 17 0.017241
53 17 0.017241
37 17 0.017241
49 17 0.017241
93 17 0.017241
104 17 0.017241
278 17 0.017241
138 17 0.017241
164 17 0.017241
234 17 0.017241
226 17 0.017241
298 17 0.017241
80 17 0.017241
32 17 0.017241
90 17 0.017241
88 17 0.017241
74 17 0.017241
155 17 0.017241
211 17 0.017241
323 17 0.017241
0 17 0.017241
0 18 0.009804
1 18 0.009804
3 18 0.009804
7 18 0.009804
12 18 0.009804
20 18 0.009804
25 18 0.009804
26 18 0.009804
29 18 0.009804
30 18 0.009804
32 18 0.009804
34 18 0.009804
42 18 0.009804
45 18 0.009804
56 18 0.009804
58 18 0.009804
61 18 0.009804
64 18 0.009804
80 18 0.009804
81 18 0.009804
83 18 0.009804
95 18 0.009804
116 18 0.009804
118 18 0.009804
125 18 0.009804
129 18 0.009804
131 18 0.009804
137 18 0.009804
144 18 0.009804
146 18 0.009804
148 18 0.009804
159 18 0.009804
161 18 0.009804
163 18 0.009804
166 18 0.009804
175 18 0.009804
185 18 0.009804
186 18 0.009804
190 18 0.009804
211 18 0.009804
222 18 0.009804
226 18 0.009804
239 18 0.009804
244 18 0.009804
265 18 0.009804
268 18 0.009804
269 18 0.009804
272 18 0.009804
303 18 0.009804
310 18 0.009804
333 18 0.009804
1 18 0.009804
3 18 0.009804
7 18 0.009804
12 18 0.009804
20 18 0.009804
25 18 0.009804
34 18 0.009804
58 18 0.009804
61 18 0.009804
144 18 0.009804
148 18 0.009804
244 18 0.009804
268 18 0.009804
272 18 0.009804
29 18 0.009804
45 18 0.009804
129 18 0.009804
26 18 0.009804
64 18 0.009804
131 18 0.009804
161 18 0.009804
166 18 0.009804
30 18 0.009804
265 18 0.009804
42 18 0.009804
163 18 0.009804
83 18 0.009804
159 18 0.009804
226 18 0.009804
56 18 0.009804
80 18 0.009804
125 18 0.009804
32 18 0.009804
81 18 0.009804
190 18 0.009804
95 18 0.009804
186 18 0.009804
137 18 0.009804
239 18 0.009804
146 18 0.009804
211 18 0.009804
116 18 0.009804
118 18 0.009804
175 18 0.009804
185 18 0.009804
222 18 0.009804
269 18 0.009804
303 18 0.009804
310 18 0.009804
333 18 0.009804
0 18 0.009804
0 19 0.016129
1 19 0.016129
7 19 0.016129
10 19 0.016129
17 19 0.016129
21 19 0.016129
24 19 0.016129
28 19 0.016129
33 19 0.016129
35 19 0.016129
43 19 0.016129
47 19 0.016129
48 19 0.016129
51 19 0.016129
64 19 0.016129
66 19 0.016129
67 19 0.016129
72 19 0.016129
90 19 0.016129
101 19 0.016129
108 19 0.016129
115 19 0.016129
117 19 0.016129
121 19 0.016129
129 19 0.016129
156 19 0.016129
192 19 0.016129
225 19 0.016129
229 19 0.016129
235 19 0.016129
277 19 0.016129
1 19 0.016129
7 19 0.016129
10 19 0.016129
17 19 0.016129
21 19 0.016129
28 19 0.016129
33 19 0.016129
48 19 0.016129
66 19 0.016129
67 19 0.016129
72 19 0.016129
24 19 0.016129
43 19 0.016129
101 19 0.016129
115 19 0.016129
129 19 0.016129
35 19 0.016129
51 19 0.016129
225 19 0.016129
47 19 0.016129
64 19 0.016129
192 19 0.016129
235 19 0.016129
229 19 0.016129
90 19 0.016129
108 19 0.016129
121 19 0.016129
117 19 0.016129
156 19 0.016129
277 19 0.016129
0 19 0.016129
0 20 0.021739
1 20 0.021739
10 20 0.021739
13 20 0.021739
18 20 0.021739
22 20 0.021739
26 20 0.021739
36 20 0.021739
44 20 0.021739
45 20 0.021739
55 20 0.021739
58 20 0.021739
86 20 0.021739
121 20 0.021739
134 20 0.021739
141 20 0.021739
175 20 0.021739
203 20 0.021739
207 20 0.021739
225 20 0.021739
259 20 0.021739
267 20 0.021739
329 20 0.021739
1 20 0.021739
10 20 0.021739
13 20 0.021739
18 20 0.021739
22 20 0.021739
58 20 0.021739
45 20 0.021739
55 20 0.021739
134 20 0.021739
225 20 0.021739
26 20 0.021739
267 20 0.021739
141 20 0.021739
44 20 0.021739
259 20 0.021739
86 20 0.021739
203 20 0.021739
36 20 0.021739
121 20 0.021739
175 20 0.021739
207 20 0.021739
329 20 0.021739
0 20 0.021739
0 21 0.029412
11 21 0.029412
13 21 0.029412
16 21 0.029412
19 21 0.029412
22 21 0.029412
52 21 0.029412
54 21 0.029412
68 21 0.029412
110 21 0.029412
113 21 0.029412
115 21 0.029412
130 21 0.029412
276 21 0.029412
296 21 0.029412
307 21 0.029412
332 21 0.029412
13 21 0.029412
16 21 0.029412
19 21 0.029412
22 21 0.029412
54 21 0.029412
130 21 0.029412
52 21 0.029412
115 21 0.029412
307 21 0.029412
11 21 0.029412
113 21 0.029412
332 21 0.029412
110 21 0.029412
68 21 0.029412
296 21 0.029412
276 21 0.029412
0 21 0.029412
0 22 0.017241
1 22 0.017241
14 22 0.017241
20 22 0.017241
21 22 0.017241
32 22 0.017241
36 22 0.017241
49 22 0.017241
59 22 0.017241
83 22 0.017241
87 22 0.017241
88 22 0.017241
98 22 0.017241
103 22 0.017241
124 22 0.017241
154 22 0.017241
173 22 0.017241
174 22 0.017241
201 22 0.017241
212 22 0.017241
216 22 0.017241
227 22 0.017241
228 22 0.017241
232 22 0.017241
250 22 0.017241
253 22 0.017241
298 22 0.017241
313 22 0.017241
316 22 0.017241
1 22 0.017241
14 22 0.017241
20 22 0.017241
21 22 0.017241
173 22 0.017241
201 22 0.017241
212 22 0.017241
216 22 0.017241
253 22 0.017241
98 22 0.017241
59 22 0.017241
87 22 0.017241
49 22 0.017241
103 22 0.017241
227 22 0.017241
154 22 0.017241
83 22 0.017241
174 22 0.017241
298 22 0.017241
32 22 0.017241
88 22 0.017241
36 22 0.017241
232 22 0.017241
124 22 0.017241
228 22 0.017241
250 22 0.017241
313 22 0.017241
316 22 0.017241
0 22 0.017241
0 25 0.026316
3 25 0.026316
13 25 0.026316
15 25 0.026316
18 25 0.026316
27 25 0.026316
29 25 0.026316
35 25 0.026316
53 25 0.026316
114 25 0.026316
118 25 0.026316
121 25 0.026316
157 25 0.026316
221 25 0.026316
247 25 0.026316
262 25 0.026316
266 25 0.026316
267 25 0.026316
279 25 0.026316
3 25 0.026316
13 25 0.026316
18 25 0.026316
15 25 0.026316
29 25 0.026316
35 25 0.026316
53 25 0.026316
247 25 0.026316
27 25 0.026316
267 25 0.026316
279 25 0.026316
221 25 0.026316
157 25 0.026316
114 25 0.026316
121 25 0.026316
118 25 0.026316
262 25 0.026316
266 25 0.026316
0 25 0.026316
0 28 0.029412
3 28 0.029412
5 28 0.029412
9 28 0.029412
19 28 0.029412
29 28 0.029412
47 28 0.029412
103 28 0.029412
106 28 0.029412
117 28 0.029412
160 28 0.029412
175 28 0.029412
203 28 0.029412
260 28 0.029412
265 28 0.029412
274 28 0.029412
289 28 0.029412
3 28 0.029412
5 28 0.029412
9 28 0.029412
19 28 0.029412
160 28 0.029412
29 28 0.029412
47 28 0.029412
103 28 0.029412
106 28 0.029412
260 28 0.029412
274 28 0.029412
265 28 0.029412
289 28 0.029412
203 28 0.029412
175 28 0.029412
117 28 0.029412
0 28 0.029412
0 33 0.038462
1 33 0.038462
8 33 0.038462
13 33 0.038462
19 33 0.038462
46 33 0.038462
55 33 0.038462
60 33 0.038462
77 33 0.038462
83 33 0.038462
150 33 0.038462
154 33 0.038462
200 33 0.038462
1 33 0.038462
13 33 0.038462
19 33 0.038462
46 33 0.038462
8 33 0.038462
55 33 0.038462
60 33 0.038462
77 33 0.038462
154 33 0.038462
83 33 0.038462
200 33 0.038462
150 33 0.038462
0 33 0.038462
0 34 0.026316
5 34 0.026316
10 34 0.026316
13 34 0.026316
18 34 0.026316
60 34 0.026316
85 34 0.026316
147 34 0.026316
155 34 0.026316
176 34 0.026316
202 34 0.026316
206 34 0.026316
217 34 0.026316
223 34 0.026316
227 34 0.026316
233 34 0.026316
248 34 0.026316
256 34 0.026316
320 34 0.026316
5 34 0.026316
10 34 0.026316
13 34 0.026316
18 34 0.026316
60 34 0.026316
223 34 0.026316
85 34 0.026316
176 34 0.026316
206 34 0.026316
217 34 0.026316
233 34 0.026316
256 34 0.026316
227 34 0.026316
202 34 0.026316
147 34 0.026316
248 34 0.026316
155 34 0.026316
320 34 0.026316
0 34 0.026316
0 38 0.02
5 38 0.02
9 38 0.02
14 38 0.02
16 38 0.02
43 38 0.02
79 38 0.02
86 38 0.02
110 38 0.02
113 38 0.02
116 38 0.02
122 38 0.02
127 38 0.02
145 38 0.02
147 38 0.02
156 38 0.02
195 38 0.02
213 38 0.02
227 38 0.02
268 38 0.02
275 38 0.02
276 38 0.02
282 38 0.02
303 38 0.02
328 38 0.02
5 38 0.02
9 38 0.02
14 38 0.02
16 38 0.02
122 38 0.02
268 38 0.02
43 38 0.02
145 38 0.02
213 38 0.02
113 38 0.02
79 38 0.02
227 38 0.02
110 38 0.02
328 38 0.02
147 38 0.02
86 38 0.02
282 38 0.02
127 38 0.02
116 38 0.02
303 38 0.02
156 38 0.02
276 38 0.02
275 38 0.02
195 38 0.02
0 38 0.02
0 41 0.055556
10 41 0.055556
14 41 0.055556
31 41 0.055556
40 41 0.055556
77 41 0.055556
85 41 0.055556
237 41 0.055556
247 41 0.055556
10 41 0.055556
14 41 0.055556
85 41 0.055556
247 41 0.055556
31 41 0.055556
77 41 0.055556
237 41 0.055556
40 41 0.055556
0 41 0.055556
0 46 0.017241
6 46 0.017241
11 46 0.017241
17 46 0.017241
33 46 0.017241
47 46 0.017241
54 46 0.017241
61 46 0.017241
96 46 0.017241
107 46 0.017241
109 46 0.017241
115 46 0.017241
125 46 0.017241
131 46 0.017241
160 46 0.017241
161 46 0.017241
166 46 0.017241
182 46 0.017241
193 46 0.017241
206 46 0.017241
237 46 0.017241
243 46 0.017241
245 46 0.017241
249 46 0.017241
262 46 0.017241
270 46 0.017241
277 46 0.017241
284 46 0.017241
291 46 0.017241
6 46 0.017241
17 46 0.017241
33 46 0.017241
54 46 0.017241
61 46 0.017241
107 46 0.017241
160 46 0.017241
193 46 0.017241
115 46 0.017241
11 46 0.017241
109 46 0.017241
47 46 0.017241
96 46 0.017241
131 46 0.017241
161 46 0.017241
166 46 0.017241
206 46 0.017241
245 46 0.017241
237 46 0.017241
284 46 0.017241
125 46 0.017241
182 46 0.017241
243 46 0.017241
291 46 0.017241
277 46 0.017241
262 46 0.017241
249 46 0.017241
270 46 0.017241
0 46 0.017241
0 48 0.033333
13 48 0.033333
19 48 0.033333
36 48 0.033333
44 48 0.033333
54 48 0.033333
115 48 0.033333
172 48 0.033333
189 48 0.033333
222 48 0.033333
233 48 0.033333
273 48 0.033333
300 48 0.033333
304 48 0.033333
320 48 0.033333
13 48 0.033333
19 48 0.033333
54 48 0.033333
115 48 0.033333
233 48 0.033333
44 48 0.033333
172 48 0.033333
36 48 0.033333
222 48 0.033333
320 48 0.033333
189 48 0.033333
300 48 0.033333
273 48 0.033333
304 48 0.033333
0 48 0.033333
0 50 0.041667
9 50 0.041667
13 50 0.041667
15 50 0.041667
39 50 0.041667
77 50 0.041667
96 50 0.041667
153 50 0.041667
218 50 0.041667
278 50 0.041667
281 50 0.041667
303 50 0.041667
9 50 0.041667
13 50 0.041667
15 50 0.041667
39 50 0.041667
77 50 0.041667
96 50 0.041667
278 50 0.041667
218 50 0.041667
303 50 0.041667
153 50 0.041667
281 50 0.041667
0 50 0.041667
0 54 0.033333
10 54 0.033333
21 54 0.033333
46 54 0.033333
48 54 0.033333
57 54 0.033333
99 54 0.033333
103 54 0.033333
120 54 0.033333
186 54 0.033333
214 54 0.033333
236 54 0.033333
274 54 0.033333
306 54 0.033333
314 54 0.033333
10 54 0.033333
21 54 0.033333
46 54 0.033333
48 54 0.033333
57 54 0.033333
103 54 0.033333
274 54 0.033333
99 54 0.033333
120 54 0.033333
214 54 0.033333
186 54 0.033333
236 54 0.033333
314 54 0.033333
306 54 0.033333
0 54 0.033333
0 58 0.071429
13 58 0.071429
18 58 0.071429
20 58 0.071429
26 58 0.071429
158 58 0.071429
234 58 0.071429
13 58 0.071429
18 58 0.071429
20 58 0.071429
26 58 0.071429
158 58 0.071429
234 58 0.071429
0 58 0.071429
0 61 0.038462
15 61 0.038462
18 61 0.038462
37 61 0.038462
46 61 0.038462
92 61 0.038462
119 61 0.038462
132 61 0.038462
136 61 0.038462
185 61 0.038462
209 61 0.038462
279 61 0.038462
320 61 0.038462
18 61 0.038462
46 61 0.038462
15 61 0.038462
37 61 0.038462
132 61 0.038462
119 61 0.038462
279 61 0.038462
209 61 0.038462
92 61 0.038462
136 61 0.038462
185 61 0.038462
320 61 0.038462
0 61 0.038462
0 62 0.055556
10 62 0.055556
17 62 0.055556
39 62 0.055556
43 62 0.055556
64 62 0.055556
65 62 0.055556
102 62 0.055556
295 62 0.055556
10 62 0.055556
17 62 0.055556
102 62 0.055556
43 62 0.055556
39 62 0.055556
64 62 0.055556
65 62 0.055556
295 62 0.055556
0 62 0.055556
0 66 0.03125
2 66 0.03125
5 66 0.03125
9 66 0.03125
19 66 0.03125
74 66 0.03125
89 66 0.03125
91 66 0.03125
92 66 0.03125
108 66 0.03125
124 66 0.03125
128 66 0.03125
157 66 0.03125
201 66 0.03125
204 66 0.03125
255 66 0.03125
2 66 0.03125
5 66 0.03125
9 66 0.03125
19 66 0.03125
128 66 0.03125
201 66 0.03125
89 66 0.03125
91 66 0.03125
255 66 0.03125
157 66 0.03125
92 66 0.03125
204 66 0.03125
74 66 0.03125
108 66 0.03125
124 66 0.03125
0 66 0.03125
0 67 0.05
9 67 0.05
15 67 0.05
16 67 0.05
19 67 0.05
81 67 0.05
103 67 0.05
133 67 0.05
156 67 0.05
161 67 0.05
9 67 0.05
16 67 0.05
19 67 0.05
133 67 0.05
15 67 0.05
103 67 0.05
161 67 0.05
81 67 0.05
156 67 0.05
0 67 0.05
0 72 0.041667
2 72 0.041667
7 72 0.041667
19 72 0.041667
37 72 0.041667
75 72 0.041667
105 72 0.041667
152 72 0.041667
171 72 0.041667
184 72 0.041667
205 72 0.041667
295 72 0.041667
2 72 0.041667
7 72 0.041667
19 72 0.041667
152 72 0.041667
75 72 0.041667
37 72 0.041667
205 72 0.041667
105 72 0.041667
184 72 0.041667
295 72 0.041667
171 72 0.041667
0 72 0.041667
0 82 0.029412
4 82 0.029412
13 82 0.029412
27 82 0.029412
29 82 0.029412
119 82 0.029412
149 82 0.029412
177 82 0.029412
203 82 0.029412
204 82 0.029412
213 82 0.029412
230 82 0.029412
236 82 0.029412
242 82 0.029412
293 82 0.029412
307 82 0.029412
332 82 0.029412
4 82 0.029412
13 82 0.029412
29 82 0.029412
307 82 0.029412
213 82 0.029412
27 82 0.029412
230 82 0.029412
119 82 0.029412
177 82 0.029412
332 82 0.029412
149 82 0.029412
242 82 0.029412
236 82 0.029412
293 82 0.029412
203 82 0.029412
204 82 0.029412
0 82 0.029412
0 84 0.029412
3 84 0.029412
10 84 0.029412
12 84 0.029412
79 84 0.029412
86 84 0.029412
91 84 0.029412
95 84 0.029412
116 84 0.029412
135 84 0.029412
139 84 0.029412
162 84 0.029412
170 84 0.029412
184 84 0.029412
229 84 0.029412
238 84 0.029412
259 84 0.029412
3 84 0.029412
10 84 0.029412
12 84 0.029412
139 84 0.029412
91 84 0.029412
135 84 0.029412
79 84 0.029412
238 84 0.029412
229 84 0.029412
95 84 0.029412
259 84 0.029412
86 84 0.029412
170 84 0.029412
184 84 0.029412
116 84 0.029412
162 84 0.029412
0 84 0.029412
0 102 0.055556
13 102 0.055556
45 102 0.055556
62 102 0.055556
89 102 0.055556
107 102 0.055556
311 102 0.055556
327 102 0.055556
329 102 0.055556
13 102 0.055556
62 102 0.055556
107 102 0.055556
45 102 0.055556
89 102 0.055556
327 102 0.055556
311 102 0.055556
329 102 0.055556
0 102 0.055556
0 107 0.041667
16 107 0.041667
46 107 0.041667
77 107 0.041667
102 107 0.041667
195 107 0.041667
205 107 0.041667
219 107 0.041667
237 107 0.041667
275 107 0.041667
287 107 0.041667
325 107 0.041667
16 107 0.041667
46 107 0.041667
102 107 0.041667
287 107 0.041667
77 107 0.041667
205 107 0.041667
237 107 0.041667
325 107 0.041667
275 107 0.041667
195 107 0.041667
219 107 0.041667
0 107 0.041667
0 122 0.071429
15 122 0.071429
38 122 0.071429
60 122 0.071429
68 122 0.071429
241 122 0.071429
242 122 0.071429
38 122 0.071429
15 122 0.071429
60 122 0.071429
241 122 0.071429
242 122 0.071429
68 122 0.071429
0 122 0.071429
0 128 0.041667
16 128 0.041667
66 128 0.041667
70 128 0.041667
83 128 0.041667
139 128 0.041667
146 128 0.041667
187 128 0.041667
215 128 0.041667
231 128 0.041667
233 128 0.041667
284 128 0.041667
16 128 0.041667
66 128 0.041667
139 128 0.041667
215 128 0.041667
233 128 0.041667
284 128 0.041667
83 128 0.041667
70 128 0.041667
231 128 0.041667
146 128 0.041667
187 128 0.041667
0 128 0.041667
0 130 0.055556
21 130 0.055556
74 130 0.055556
86 130 0.055556
105 130 0.055556
165 130 0.055556
167 130 0.055556
219 130 0.055556
327 130 0.055556
21 130 0.055556
327 130 0.055556
86 130 0.055556
74 130 0.055556
105 130 0.055556
167 130 0.055556
165 130 0.055556
219 130 0.055556
0 130 0.055556
0 133 0.083333
67 133 0.083333
88 133 0.083333
99 133 0.083333
110 133 0.083333
138 133 0.083333
67 133 0.083333
99 133 0.083333
138 133 0.083333
110 133 0.083333
88 133 0.083333
0 133 0.083333
0 139 0.055556
31 139 0.055556
39 139 0.055556
84 139 0.055556
128 139 0.055556
144 139 0.055556
148 139 0.055556
280 139 0.055556
317 139 0.055556
84 139 0.055556
128 139 0.055556
144 139 0.055556
148 139 0.055556
280 139 0.055556
39 139 0.055556
31 139 0.055556
317 139 0.055556
0 139 0.055556
0 140 0.0625
4 140 0.0625
76 140 0.0625
77 140 0.0625
93 140 0.0625
166 140 0.0625
184 140 0.0625
190 140 0.0625
4 140 0.0625
77 140 0.0625
93 140 0.0625
166 140 0.0625
190 140 0.0625
76 140 0.0625
184 140 0.0625
0 140 0.0625
0 144 0.038462
18 144 0.038462
77 144 0.038462
95 144 0.038462
139 144 0.038462
161 144 0.038462
164 144 0.038462
198 144 0.038462
273 144 0.038462
294 144 0.038462
310 144 0.038462
312 144 0.038462
314 144 0.038462
18 144 0.038462
139 144 0.038462
312 144 0.038462
77 144 0.038462
161 144 0.038462
164 144 0.038462
95 144 0.038462
314 144 0.038462
198 144 0.038462
310 144 0.038462
273 144 0.038462
294 144 0.038462
0 144 0.038462
0 148 0.1
13 148 0.1
18 148 0.1
49 148 0.1
139 148 0.1
13 148 0.1
18 148 0.1
139 148 0.1
49 148 0.1
0 148 0.1
0 152 0.083333
3 152 0.083333
11 152 0.083333
13 152 0.083333
72 152 0.083333
191 152 0.083333
3 152 0.083333
13 152 0.083333
72 152 0.083333
191 152 0.083333
11 152 0.083333
0 152 0.083333
0 160 0.071429
2 160 0.071429
28 160 0.071429
46 160 0.071429
158 160 0.071429
216 160 0.071429
228 160 0.071429
2 160 0.071429
28 160 0.071429
46 160 0.071429
216 160 0.071429
158 160 0.071429
228 160 0.071429
0 160 0.071429
0 173 0.0625
2 173 0.0625
22 173 0.0625
55 173 0.0625
60 173 0.0625
175 173 0.0625
232 173 0.0625
258 173 0.0625
2 173 0.0625
22 173 0.0625
55 173 0.0625
60 173 0.0625
258 173 0.0625
232 173 0.0625
175 173 0.0625
0 173 0.0625
0 181 0.0625
1 181 0.0625
23 181 0.0625
93 181 0.0625
164 181 0.0625
224 181 0.0625
299 181 0.0625
319 181 0.0625
1 181 0.0625
23 181 0.0625
93 181 0.0625
164 181 0.0625
319 181 0.0625
224 181 0.0625
299 181 0.0625
0 181 0.0625
0 191 0.0625
59 191 0.0625
76 191 0.0625
81 191 0.0625
152 191 0.0625
195 191 0.0625
239 191 0.0625
334 191 0.0625
152 191 0.0625
59 191 0.0625
81 191 0.0625
239 191 0.0625
334 191 0.0625
76 191 0.0625
195 191 0.0625
0 191 0.0625
0 193 0.083333
35 193 0.083333
46 193 0.083333
71 193 0.083333
92 193 0.083333
318 193 0.083333
46 193 0.083333
35 193 0.083333
71 193 0.083333
92 193 0.083333
318 193 0.083333
0 193 0.083333
0 199 0.083333
60 199 0.083333
87 199 0.083333
155 199 0.083333
185 199 0.083333
283 199 0.083333
60 199 0.083333
87 199 0.083333
283 199 0.083333
155 199 0.083333
185 199 0.083333
0 199 0.083333
0 201 0.055556
16 201 0.055556
22 201 0.055556
66 201 0.055556
83 201 0.055556
246 201 0.055556
262 201 0.055556
267 201 0.055556
315 201 0.055556
16 201 0.055556
22 201 0.055556
66 201 0.055556
267 201 0.055556
83 201 0.055556
262 201 0.055556
246 201 0.055556
315 201 0.055556
0 201 0.055556
0 212 0.071429
22 212 0.071429
31 212 0.071429
56 212 0.071429
88 212 0.071429
219 212 0.071429
290 212 0.071429
22 212 0.071429
31 212 0.071429
56 212 0.071429
88 212 0.071429
219 212 0.071429
290 212 0.071429
0 212 0.071429
0 216 0.1
7 216 0.1
22 216 0.1
119 216 0.1
160 216 0.1
7 216 0.1
22 216 0.1
160 216 0.1
119 216 0.1
0 216 0.1
0 244 0.071429
7 244 0.071429
8 244 0.071429
18 244 0.071429
57 244 0.071429
330 244 0.071429
331 244 0.071429
7 244 0.071429
18 244 0.071429
8 244 0.071429
57 244 0.071429
331 244 0.071429
330 244 0.071429
0 244 0.071429
0 253 0.1
13 253 0.1
15 253 0.1
22 253 0.1
45 253 0.1
13 253 0.1
22 253 0.1
15 253 0.1
45 253 0.1
0 253 0.1
0 268 0.1
18 268 0.1
38 268 0.1
43 268 0.1
73 268 0.1
18 268 0.1
38 268 0.1
43 268 0.1
73 268 0.1
0 268 0.1
0 272 0.083333
18 272 0.083333
39 272 0.083333
96 272 0.083333
98 272 0.083333
333 272 0.083333
18 272 0.083333
98 272 0.083333
39 272 0.083333
96 272 0.083333
333 272 0.083333
0 272 0.083333
0 280 0.083333
3 280 0.083333
26 280 0.083333
104 280 0.083333
139 280 0.083333
312 280 0.083333
3 280 0.083333
139 280 0.083333
312 280 0.083333
26 280 0.083333
104 280 0.083333
0 280 0.083333
0 286 0.1
3 286 0.1
76 286 0.1
99 286 0.1
103 286 0.1
3 286 0.1
103 286 0.1
99 286 0.1
76 286 0.1
0 286 0.1
0 302 0.083333
14 302 0.083333
93 302 0.083333
269 302 0.083333
290 302 0.083333
308 302 0.083333
14 302 0.083333
93 302 0.083333
269 302 0.083333
308 302 0.083333
290 302 0.083333
0 302 0.083333
1 8 0.019231
2 8 0.019231
3 8 0.019231
5 8 0.019231
6 8 0.019231
9 8 0.019231
12 8 0.019231
31 8 0.019231
33 8 0.019231
45 8 0.019231
83 8 0.019231
159 8 0.019231
164 8 0.019231
174 8 0.019231
179 8 0.019231
192 8 0.019231
214 8 0.019231
226 8 0.019231
235 8 0.019231
238 8 0.019231
244 8 0.019231
256 8 0.019231
289 8 0.019231
297 8 0.019231
298 8 0.019231
321 8 0.019231
1 8 0.019231
2 8 0.019231
3 8 0.019231
5 8 0.019231
6 8 0.019231
9 8 0.019231
12 8 0.019231
33 8 0.019231
244 8 0.019231
45 8 0.019231
297 8 0.019231
31 8 0.019231
256 8 0.019231
179 8 0.019231
164 8 0.019231
238 8 0.019231
83 8 0.019231
159 8 0.019231
174 8 0.019231
192 8 0.019231
214 8 0.019231
226 8 0.019231
235 8 0.019231
289 8 0.019231
298 8 0.019231
321 8 0.019231
1 15 0.010204
9 15 0.010204
10 15 0.010204
13 15 0.010204
14 15 0.010204
17 15 0.010204
23 15 0.010204
24 15 0.010204
25 15 0.010204
37 15 0.010204
39 15 0.010204
43 15 0.010204
44 15 0.010204
50 15 0.010204
56 15 0.010204
61 15 0.010204
63 15 0.010204
67 15 0.010204
69 15 0.010204
70 15 0.010204
76 15 0.010204
86 15 0.010204
89 15 0.010204
91 15 0.010204
99 15 0.010204
105 15 0.010204
108 15 0.010204
111 15 0.010204
112 15 0.010204
122 15 0.010204
163 15 0.010204
167 15 0.010204
180 15 0.010204
184 15 0.010204
188 15 0.010204
194 15 0.010204
196 15 0.010204
198 15 0.010204
204 15 0.010204
210 15 0.010204
223 15 0.010204
245 15 0.010204
248 15 0.010204
253 15 0.010204
278 15 0.010204
291 15 0.010204
296 15 0.010204
299 15 0.010204
322 15 0.010204
1 15 0.010204
9 15 0.010204
10 15 0.010204
13 15 0.010204
14 15 0.010204
17 15 0.010204
25 15 0.010204
50 15 0.010204
61 15 0.010204
67 15 0.010204
122 15 0.010204
253 15 0.010204
24 15 0.010204
43 15 0.010204
69 15 0.010204
196 15 0.010204
223 15 0.010204
39 15 0.010204
89 15 0.010204
23 15 0.010204
37 15 0.010204
91 15 0.010204
194 15 0.010204
278 15 0.010204
245 15 0.010204
44 15 0.010204
99 15 0.010204
163 15 0.010204
56 15 0.010204
70 15 0.010204
111 15 0.010204
180 15 0.010204
210 15 0.010204
248 15 0.010204
63 15 0.010204
86 15 0.010204
204 15 0.010204
108 15 0.010204
188 15 0.010204
76 15 0.010204
105 15 0.010204
112 15 0.010204
167 15 0.010204
184 15 0.010204
198 15 0.010204
291 15 0.010204
296 15 0.010204
299 15 0.010204
322 15 0.010204
1 24 0.027778
9 24 0.027778
15 24 0.027778
17 24 0.027778
19 24 0.027778
36 24 0.027778
51 24 0.027778
52 24 0.027778
97 24 0.027778
167 24 0.027778
192 24 0.027778
217 24 0.027778
250 24 0.027778
263 24 0.027778
274 24 0.027778
275 24 0.027778
308 24 0.027778
312 24 0.027778
1 24 0.027778
9 24 0.027778
17 24 0.027778
19 24 0.027778
15 24 0.027778
52 24 0.027778
97 24 0.027778
312 24 0.027778
51 24 0.027778
217 24 0.027778
274 24 0.027778
192 24 0.027778
36 24 0.027778
167 24 0.027778
250 24 0.027778
263 24 0.027778
275 24 0.027778
308 24 0.027778
1 29 0.045455
18 29 0.045455
25 29 0.045455
26 29 0.045455
28 29 0.045455
68 29 0.045455
69 29 0.045455
82 29 0.045455
124 29 0.045455
159 29 0.045455
323 29 0.045455
1 29 0.045455
18 29 0.045455
25 29 0.045455
28 29 0.045455
82 29 0.045455
69 29 0.045455
26 29 0.045455
159 29 0.045455
68 29 0.045455
323 29 0.045455
124 29 0.045455
1 43 0.026316
15 43 0.026316
19 43 0.026316
26 43 0.026316
38 43 0.026316
57 43 0.026316
62 43 0.026316
63 43 0.026316
70 43 0.026316
119 43 0.026316
155 43 0.026316
169 43 0.026316
182 43 0.026316
205 43 0.026316
250 43 0.026316
260 43 0.026316
268 43 0.026316
297 43 0.026316
299 43 0.026316
1 43 0.026316
19 43 0.026316
38 43 0.026316
62 43 0.026316
268 43 0.026316
15 43 0.026316
57 43 0.026316
297 43 0.026316
26 43 0.026316
205 43 0.026316
119 43 0.026316
260 43 0.026316
70 43 0.026316
182 43 0.026316
63 43 0.026316
299 43 0.026316
155 43 0.026316
250 43 0.026316
169 43 0.026316
1 45 0.025
8 45 0.025
10 45 0.025
18 45 0.025
20 45 0.025
73 45 0.025
98 45 0.025
102 45 0.025
132 45 0.025
189 45 0.025
221 45 0.025
246 45 0.025
253 45 0.025
264 45 0.025
283 45 0.025
299 45 0.025
300 45 0.025
301 45 0.025
316 45 0.025
319 45 0.025
1 45 0.025
10 45 0.025
18 45 0.025
20 45 0.025
102 45 0.025
253 45 0.025
8 45 0.025
73 45 0.025
98 45 0.025
132 45 0.025
264 45 0.025
221 45 0.025
283 45 0.025
319 45 0.025
301 45 0.025
299 45 0.025
316 45 0.025
246 45 0.025
189 45 0.025
300 45 0.025
1 52 0.045455
4 52 0.045455
21 52 0.045455
24 52 0.045455
30 52 0.045455
151 52 0.045455
168 52 0.045455
239 52 0.045455
252 52 0.045455
269 52 0.045455
307 52 0.045455
1 52 0.045455
4 52 0.045455
21 52 0.045455
24 52 0.045455
307 52 0.045455
252 52 0.045455
30 52 0.045455
239 52 0.045455
269 52 0.045455
168 52 0.045455
151 52 0.045455
1 55 0.027778
11 55 0.027778
20 55 0.027778
26 55 0.027778
33 55 0.027778
85 55 0.027778
106 55 0.027778
112 55 0.027778
114 55 0.027778
119 55 0.027778
137 55 0.027778
155 55 0.027778
168 55 0.027778
173 55 0.027778
221 55 0.027778
251 55 0.027778
320 55 0.027778
321 55 0.027778
1 55 0.027778
20 55 0.027778
33 55 0.027778
173 55 0.027778
11 55 0.027778
85 55 0.027778
26 55 0.027778
106 55 0.027778
119 55 0.027778
221 55 0.027778
321 55 0.027778
114 55 0.027778
137 55 0.027778
112 55 0.027778
155 55 0.027778
168 55 0.027778
320 55 0.027778
251 55 0.027778
1 57 0.055556
2 57 0.055556
11 57 0.055556
43 57 0.055556
54 57 0.055556
89 57 0.055556
153 57 0.055556
171 57 0.055556
244 57 0.055556
1 57 0.055556
2 57 0.055556
54 57 0.055556
244 57 0.055556
43 57 0.055556
11 57 0.055556
89 57 0.055556
153 57 0.055556
171 57 0.055556
1 60 0.025
16 60 0.025
33 60 0.025
34 60 0.025
39 60 0.025
70 60 0.025
75 60 0.025
81 60 0.025
90 60 0.025
92 60 0.025
106 60 0.025
112 60 0.025
122 60 0.025
173 60 0.025
199 60 0.025
240 60 0.025
266 60 0.025
269 60 0.025
279 60 0.025
294 60 0.025
1 60 0.025
16 60 0.025
33 60 0.025
34 60 0.025
122 60 0.025
173 60 0.025
199 60 0.025
39 60 0.025
75 60 0.025
106 60 0.025
279 60 0.025
70 60 0.025
81 60 0.025
240 60 0.025
90 60 0.025
92 60 0.025
112 60 0.025
269 60 0.025
266 60 0.025
294 60 0.025
1 69 0.071429
6 69 0.071429
13 69 0.071429
15 69 0.071429
29 69 0.071429
155 69 0.071429
306 69 0.071429
1 69 0.071429
6 69 0.071429
13 69 0.071429
15 69 0.071429
29 69 0.071429
155 69 0.071429
306 69 0.071429
1 73 0.038462
3 73 0.038462
10 73 0.038462
11 73 0.038462
45 73 0.038462
92 73 0.038462
97 73 0.038462
136 73 0.038462
168 73 0.038462
220 73 0.038462
268 73 0.038462
313 73 0.038462
334 73 0.038462
1 73 0.038462
3 73 0.038462
10 73 0.038462
268 73 0.038462
45 73 0.038462
97 73 0.038462
11 73 0.038462
92 73 0.038462
136 73 0.038462
334 73 0.038462
220 73 0.038462
313 73 0.038462
168 73 0.038462
1 94 0.045455
9 94 0.045455
10 94 0.045455
11 94 0.045455
39 94 0.045455
117 94 0.045455
120 94 0.045455
127 94 0.045455
258 94 0.045455
284 94 0.045455
287 94 0.045455
1 94 0.045455
9 94 0.045455
10 94 0.045455
287 94 0.045455
11 94 0.045455
39 94 0.045455
258 94 0.045455
284 94 0.045455
120 94 0.045455
127 94 0.045455
117 94 0.045455
1 97 0.071429
16 97 0.071429
24 97 0.071429
49 97 0.071429
73 97 0.071429
171 97 0.071429
270 97 0.071429
1 97 0.071429
16 97 0.071429
24 97 0.071429
73 97 0.071429
49 97 0.071429
270 97 0.071429
171 97 0.071429
1 98 0.05
22 98 0.05
39 98 0.05
45 98 0.05
90 98 0.05
245 98 0.05
257 98 0.05
272 98 0.05
322 98 0.05
326 98 0.05
1 98 0.05
22 98 0.05
272 98 0.05
45 98 0.05
39 98 0.05
245 98 0.05
257 98 0.05
90 98 0.05
322 98 0.05
326 98 0.05
1 101 0.083333
17 101 0.083333
19 101 0.083333
31 101 0.083333
65 101 0.083333
331 101 0.083333
1 101 0.083333
17 101 0.083333
19 101 0.083333
331 101 0.083333
31 101 0.083333
65 101 0.083333
1 115 0.055556
19 115 0.055556
21 115 0.055556
46 115 0.055556
48 115 0.055556
258 115 0.055556
261 115 0.055556
288 115 0.055556
304 115 0.055556
1 115 0.055556
19 115 0.055556
21 115 0.055556
46 115 0.055556
48 115 0.055556
258 115 0.055556
304 115 0.055556
288 115 0.055556
261 115 0.055556
1 129 0.071429
18 129 0.071429
19 129 0.071429
76 129 0.071429
95 129 0.071429
151 129 0.071429
153 129 0.071429
1 129 0.071429
18 129 0.071429
19 129 0.071429
95 129 0.071429
76 129 0.071429
153 129 0.071429
151 129 0.071429
1 134 0.055556
20 134 0.055556
39 134 0.055556
113 134 0.055556
131 134 0.055556
138 134 0.055556
214 134 0.055556
215 134 0.055556
277 134 0.055556
1 134 0.055556
20 134 0.055556
215 134 0.055556
39 134 0.055556
113 134 0.055556
131 134 0.055556
138 134 0.055556
214 134 0.055556
277 134 0.055556
1 145 0.083333
5 145 0.083333
12 145 0.083333
38 145 0.083333
108 145 0.083333
183 145 0.083333
1 145 0.083333
5 145 0.083333
12 145 0.083333
38 145 0.083333
108 145 0.083333
183 145 0.083333
1 178 0.071429
13 178 0.071429
31 178 0.071429
99 178 0.071429
138 178 0.071429
235 178 0.071429
306 178 0.071429
1 178 0.071429
13 178 0.071429
31 178 0.071429
99 178 0.071429
138 178 0.071429
235 178 0.071429
306 178 0.071429
1 196 0.1
2 196 0.1
15 196 0.1
30 196 0.1
80 196 0.1
1 196 0.1
2 196 0.1
15 196 0.1
30 196 0.1
80 196 0.1
1 215 0.083333
6 215 0.083333
10 215 0.083333
128 215 0.083333
134 215 0.083333
228 215 0.083333
1 215 0.083333
6 215 0.083333
10 215 0.083333
128 215 0.083333
134 215 0.083333
228 215 0.083333
1 223 0.083333
4 223 0.083333
15 223 0.083333
34 223 0.083333
220 223 0.083333
248 223 0.083333
1 223 0.083333
4 223 0.083333
34 223 0.083333
15 223 0.083333
248 223 0.083333
220 223 0.083333
1 241 0.1
86 241 0.1
110 241 0.1
122 241 0.1
155 241 0.1
1 241 0.1
122 241 0.1
110 241 0.1
86 241 0.1
155 241 0.1
1 287 0.083333
94 287 0.083333
107 287 0.083333
225 287 0.083333
228 287 0.083333
333 287 0.083333
1 287 0.083333
107 287 0.083333
94 287 0.083333
225 287 0.083333
333 287 0.083333
228 287 0.083333
1 307 0.1
21 307 0.1
52 307 0.1
82 307 0.1
88 307 0.1
1 307 0.1
21 307 0.1
82 307 0.1
52 307 0.1
88 307 0.1
1 312 0.1
24 312 0.1
27 312 0.1
144 312 0.1
280 312 0.1
1 312 0.1
144 312 0.1
280 312 0.1
24 312 0.1
27 312 0.1
1 331 0.1
71 331 0.1
93 331 0.1
101 331 0.1
244 331 0.1
1 331 0.1
244 331 0.1
101 331 0.1
93 331 0.1
71 331 0.1
2 11 0.016667
3 11 0.016667
7 11 0.016667
9 11 0.016667
10 11 0.016667
16 11 0.016667
17 11 0.016667
21 11 0.016667
23 11 0.016667
30 11 0.016667
40 11 0.016667
46 11 0.016667
55 11 0.016667
57 11 0.016667
73 11 0.016667
80 11 0.016667
87 11 0.016667
94 11 0.016667
95 11 0.016667
114 11 0.016667
147 11 0.016667
152 11 0.016667
172 11 0.016667
186 11 0.016667
197 11 0.016667
205 11 0.016667
209 11 0.016667
210 11 0.016667
248 11 0.016667
259 11 0.016667
2 11 0.016667
3 11 0.016667
7 11 0.016667
9 11 0.016667
10 11 0.016667
16 11 0.016667
17 11 0.016667
21 11 0.016667
46 11 0.016667
152 11 0.016667
55 11 0.016667
57 11 0.016667
73 11 0.016667
94 11 0.016667
87 11 0.016667
23 11 0.016667
205 11 0.016667
30 11 0.016667
197 11 0.016667
80 11 0.016667
40 11 0.016667
95 11 0.016667
114 11 0.016667
147 11 0.016667
172 11 0.016667
186 11 0.016667
209 11 0.016667
210 11 0.016667
248 11 0.016667
259 11 0.016667
2 35 0.0625
10 35 0.0625
19 35 0.0625
25 35 0.0625
26 35 0.0625
93 35 0.0625
193 35 0.0625
322 35 0.0625
2 35 0.0625
10 35 0.0625
19 35 0.0625
25 35 0.0625
193 35 0.0625
26 35 0.0625
93 35 0.0625
322 35 0.0625
2 39 0.016129
6 39 0.016129
10 39 0.016129
15 39 0.016129
27 39 0.016129
40 39 0.016129
42 39 0.016129
50 39 0.016129
56 39 0.016129
60 39 0.016129
62 39 0.016129
78 39 0.016129
94 39 0.016129
98 39 0.016129
123 39 0.016129
134 39 0.016129
139 39 0.016129
142 39 0.016129
149 39 0.016129
165 39 0.016129
169 39 0.016129
183 39 0.016129
185 39 0.016129
229 39 0.016129
231 39 0.016129
266 39 0.016129
271 39 0.016129
272 39 0.016129
275 39 0.016129
303 39 0.016129
309 39 0.016129
2 39 0.016129
6 39 0.016129
10 39 0.016129
50 39 0.016129
62 39 0.016129
139 39 0.016129
272 39 0.016129
15 39 0.016129
60 39 0.016129
94 39 0.016129
98 39 0.016129
134 39 0.016129
271 39 0.016129
27 39 0.016129
42 39 0.016129
78 39 0.016129
142 39 0.016129
56 39 0.016129
149 39 0.016129
229 39 0.016129
231 39 0.016129
40 39 0.016129
185 39 0.016129
303 39 0.016129
275 39 0.016129
266 39 0.016129
123 39 0.016129
183 39 0.016129
309 39 0.016129
169 39 0.016129
165 39 0.016129
2 51 0.055556
6 51 0.055556
14 51 0.055556
19 51 0.055556
24 51 0.055556
65 51 0.055556
74 51 0.055556
162 51 0.055556
206 51 0.055556
2 51 0.055556
6 51 0.055556
14 51 0.055556
19 51 0.055556
24 51 0.055556
206 51 0.055556
65 51 0.055556
74 51 0.055556
162 51 0.055556
2 53 0.0625
5 53 0.0625
17 53 0.0625
25 53 0.0625
49 53 0.0625
71 53 0.0625
147 53 0.0625
249 53 0.0625
2 53 0.0625
5 53 0.0625
17 53 0.0625
25 53 0.0625
49 53 0.0625
71 53 0.0625
147 53 0.0625
249 53 0.0625
2 59 0.035714
4 59 0.035714
22 59 0.035714
42 59 0.035714
56 59 0.035714
65 59 0.035714
114 59 0.035714
185 59 0.035714
191 59 0.035714
220 59 0.035714
257 59 0.035714
285 59 0.035714
291 59 0.035714
310 59 0.035714
2 59 0.035714
4 59 0.035714
22 59 0.035714
191 59 0.035714
285 59 0.035714
42 59 0.035714
257 59 0.035714
56 59 0.035714
114 59 0.035714
65 59 0.035714
291 59 0.035714
220 59 0.035714
185 59 0.035714
310 59 0.035714
2 75 0.05
3 75 0.05
16 75 0.05
60 75 0.05
72 75 0.05
93 75 0.05
100 75 0.05
105 75 0.05
118 75 0.05
313 75 0.05
2 75 0.05
3 75 0.05
16 75 0.05
72 75 0.05
60 75 0.05
93 75 0.05
100 75 0.05
105 75 0.05
118 75 0.05
313 75 0.05
2 85 0.055556
34 85 0.055556
41 85 0.055556
55 85 0.055556
81 85 0.055556
112 85 0.055556
198 85 0.055556
208 85 0.055556
288 85 0.055556
2 85 0.055556
34 85 0.055556
41 85 0.055556
55 85 0.055556
81 85 0.055556
112 85 0.055556
198 85 0.055556
208 85 0.055556
288 85 0.055556
2 87 0.055556
3 87 0.055556
11 87 0.055556
12 87 0.055556
22 87 0.055556
96 87 0.055556
136 87 0.055556
199 87 0.055556
305 87 0.055556
2 87 0.055556
3 87 0.055556
12 87 0.055556
22 87 0.055556
199 87 0.055556
11 87 0.055556
96 87 0.055556
136 87 0.055556
305 87 0.055556
2 89 0.071429
15 89 0.071429
57 89 0.071429
66 89 0.071429
77 89 0.071429
102 89 0.071429
189 89 0.071429
2 89 0.071429
66 89 0.071429
102 89 0.071429
15 89 0.071429
57 89 0.071429
77 89 0.071429
189 89 0.071429
2 109 0.038462
37 109 0.038462
46 109 0.038462
68 109 0.038462
80 109 0.038462
132 109 0.038462
142 109 0.038462
143 109 0.038462
149 109 0.038462
259 109 0.038462
281 109 0.038462
282 109 0.038462
317 109 0.038462
2 109 0.038462
46 109 0.038462
37 109 0.038462
132 109 0.038462
143 109 0.038462
142 109 0.038462
80 109 0.038462
149 109 0.038462
259 109 0.038462
68 109 0.038462
282 109 0.038462
317 109 0.038462
281 109 0.038462
2 176 0.071429
7 176 0.071429
12 176 0.071429
34 176 0.071429
167 176 0.071429
249 176 0.071429
283 176 0.071429
2 176 0.071429
7 176 0.071429
12 176 0.071429
34 176 0.071429
283 176 0.071429
167 176 0.071429
249 176 0.071429
2 213 0.0625
38 213 0.0625
82 213 0.0625
116 213 0.0625
135 213 0.0625
229 213 0.0625
261 213 0.0625
273 213 0.0625
2 213 0.0625
38 213 0.0625
82 213 0.0625
135 213 0.0625
229 213 0.0625
116 213 0.0625
273 213 0.0625
261 213 0.0625
2 225 0.071429
19 225 0.071429
20 225 0.071429
74 225 0.071429
200 225 0.071429
269 225 0.071429
287 225 0.071429
2 225 0.071429
19 225 0.071429
20 225 0.071429
287 225 0.071429
74 225 0.071429
269 225 0.071429
200 225 0.071429
2 247 0.1
3 247 0.1
10 247 0.1
25 247 0.1
41 247 0.1
2 247 0.1
3 247 0.1
10 247 0.1
25 247 0.1
41 247 0.1
2 252 0.1
3 252 0.1
16 252 0.1
52 252 0.1
208 252 0.1
2 252 0.1
3 252 0.1
16 252 0.1
52 252 0.1
208 252 0.1
2 258 0.083333
94 258 0.083333
105 258 0.083333
115 258 0.083333
173 258 0.083333
291 258 0.083333
2 258 0.083333
173 258 0.083333
94 258 0.083333
115 258 0.083333
105 258 0.083333
291 258 0.083333
2 271 0.083333
4 271 0.083333
6 271 0.083333
39 271 0.083333
177 271 0.083333
319 271 0.083333
2 271 0.083333
4 271 0.083333
6 271 0.083333
39 271 0.083333
177 271 0.083333
319 271 0.083333
2 297 0.1
5 297 0.1
8 297 0.1
43 297 0.1
208 297 0.1
2 297 0.1
5 297 0.1
8 297 0.1
43 297 0.1
208 297 0.1
2 327 0.1
102 327 0.1
130 327 0.1
227 327 0.1
289 327 0.1
2 327 0.1
102 327 0.1
130 327 0.1
227 327 0.1
289 327 0.1
3 23 0.045455
5 23 0.045455
10 23 0.045455
11 23 0.045455
15 23 0.045455
76 23 0.045455
113 23 0.045455
114 23 0.045455
181 23 0.045455
194 23 0.045455
200 23 0.045455
3 23 0.045455
5 23 0.045455
10 23 0.045455
181 23 0.045455
15 23 0.045455
11 23 0.045455
113 23 0.045455
194 23 0.045455
114 23 0.045455
76 23 0.045455
200 23 0.045455
3 26 0.022727
12 26 0.022727
16 26 0.022727
18 26 0.022727
20 26 0.022727
29 26 0.022727
30 26 0.022727
35 26 0.022727
36 26 0.022727
40 26 0.022727
43 26 0.022727
55 26 0.022727
58 26 0.022727
76 26 0.022727
79 26 0.022727
162 26 0.022727
167 26 0.022727
202 26 0.022727
280 26 0.022727
292 26 0.022727
301 26 0.022727
325 26 0.022727
3 26 0.022727
12 26 0.022727
16 26 0.022727
18 26 0.022727
20 26 0.022727
58 26 0.022727
280 26 0.022727
29 26 0.022727
43 26 0.022727
55 26 0.022727
35 26 0.022727
30 26 0.022727
292 26 0.022727
79 26 0.022727
202 26 0.022727
40 26 0.022727
325 26 0.022727
301 26 0.022727
36 26 0.022727
76 26 0.022727
167 26 0.022727
162 26 0.022727
3 27 0.026316
9 27 0.026316
10 27 0.026316
13 27 0.026316
25 27 0.026316
39 27 0.026316
63 27 0.026316
82 27 0.026316
100 27 0.026316
123 27 0.026316
131 27 0.026316
168 27 0.026316
172 27 0.026316
183 27 0.026316
217 27 0.026316
226 27 0.026316
246 27 0.026316
309 27 0.026316
312 27 0.026316
3 27 0.026316
9 27 0.026316
10 27 0.026316
13 27 0.026316
25 27 0.026316
82 27 0.026316
312 27 0.026316
39 27 0.026316
131 27 0.026316
217 27 0.026316
100 27 0.026316
226 27 0.026316
172 27 0.026316
63 27 0.026316
123 27 0.026316
168 27 0.026316
183 27 0.026316
246 27 0.026316
309 27 0.026316
3 31 0.03125
4 31 0.03125
6 31 0.03125
8 31 0.03125
10 31 0.03125
41 31 0.03125
76 31 0.03125
101 31 0.03125
139 31 0.03125
178 31 0.03125
182 31 0.03125
202 31 0.03125
208 31 0.03125
212 31 0.03125
226 31 0.03125
257 31 0.03125
3 31 0.03125
4 31 0.03125
6 31 0.03125
10 31 0.03125
41 31 0.03125
139 31 0.03125
212 31 0.03125
8 31 0.03125
101 31 0.03125
178 31 0.03125
202 31 0.03125
257 31 0.03125
226 31 0.03125
182 31 0.03125
76 31 0.03125
208 31 0.03125
3 37 0.035714
4 37 0.035714
10 37 0.035714
15 37 0.035714
17 37 0.035714
61 37 0.035714
71 37 0.035714
72 37 0.035714
88 37 0.035714
109 37 0.035714
175 37 0.035714
240 37 0.035714
276 37 0.035714
325 37 0.035714
3 37 0.035714
4 37 0.035714
10 37 0.035714
17 37 0.035714
61 37 0.035714
72 37 0.035714
15 37 0.035714
109 37 0.035714
71 37 0.035714
240 37 0.035714
325 37 0.035714
88 37 0.035714
175 37 0.035714
276 37 0.035714
3 47 0.038462
5 47 0.038462
19 47 0.038462
28 47 0.038462
46 47 0.038462
56 47 0.038462
99 47 0.038462
104 47 0.038462
124 47 0.038462
146 47 0.038462
147 47 0.038462
200 47 0.038462
321 47 0.038462
3 47 0.038462
5 47 0.038462
19 47 0.038462
28 47 0.038462
46 47 0.038462
104 47 0.038462
99 47 0.038462
321 47 0.038462
56 47 0.038462
147 47 0.038462
146 47 0.038462
124 47 0.038462
200 47 0.038462
3 49 0.029412
6 49 0.029412
10 49 0.029412
17 49 0.029412
22 49 0.029412
53 49 0.029412
70 49 0.029412
97 49 0.029412
105 49 0.029412
108 49 0.029412
112 49 0.029412
148 49 0.029412
169 49 0.029412
222 49 0.029412
295 49 0.029412
322 49 0.029412
329 49 0.029412
3 49 0.029412
6 49 0.029412
10 49 0.029412
17 49 0.029412
22 49 0.029412
148 49 0.029412
97 49 0.029412
53 49 0.029412
70 49 0.029412
108 49 0.029412
105 49 0.029412
112 49 0.029412
322 49 0.029412
222 49 0.029412
329 49 0.029412
169 49 0.029412
295 49 0.029412
3 64 0.083333
13 64 0.083333
18 64 0.083333
19 64 0.083333
62 64 0.083333
137 64 0.083333
3 64 0.083333
13 64 0.083333
18 64 0.083333
19 64 0.083333
62 64 0.083333
137 64 0.083333
3 77 0.045455
14 77 0.045455
33 77 0.045455
41 77 0.045455
50 77 0.045455
89 77 0.045455
107 77 0.045455
140 77 0.045455
144 77 0.045455
150 77 0.045455
154 77 0.045455
3 77 0.045455
14 77 0.045455
33 77 0.045455
41 77 0.045455
50 77 0.045455
107 77 0.045455
140 77 0.045455
144 77 0.045455
89 77 0.045455
154 77 0.045455
150 77 0.045455
3 91 0.071429
15 91 0.071429
66 91 0.071429
68 91 0.071429
84 91 0.071429
143 91 0.071429
190 91 0.071429
3 91 0.071429
66 91 0.071429
84 91 0.071429
15 91 0.071429
143 91 0.071429
190 91 0.071429
68 91 0.071429
3 93 0.045455
10 93 0.045455
17 93 0.045455
35 93 0.045455
75 93 0.045455
116 93 0.045455
140 93 0.045455
181 93 0.045455
293 93 0.045455
302 93 0.045455
331 93 0.045455
3 93 0.045455
10 93 0.045455
17 93 0.045455
140 93 0.045455
181 93 0.045455
302 93 0.045455
331 93 0.045455
35 93 0.045455
75 93 0.045455
293 93 0.045455
116 93 0.045455
3 96 0.0625
30 96 0.0625
46 96 0.0625
50 96 0.0625
87 96 0.0625
184 96 0.0625
208 96 0.0625
272 96 0.0625
3 96 0.0625
46 96 0.0625
50 96 0.0625
272 96 0.0625
87 96 0.0625
30 96 0.0625
184 96 0.0625
208 96 0.0625
3 103 0.055556
22 103 0.055556
28 103 0.055556
54 103 0.055556
67 103 0.055556
207 103 0.055556
263 103 0.055556
286 103 0.055556
296 103 0.055556
3 103 0.055556
22 103 0.055556
28 103 0.055556
54 103 0.055556
67 103 0.055556
286 103 0.055556
296 103 0.055556
207 103 0.055556
263 103 0.055556
3 104 0.041667
4 104 0.041667
5 104 0.041667
17 104 0.041667
47 104 0.041667
117 104 0.041667
170 104 0.041667
189 104 0.041667
198 104 0.041667
242 104 0.041667
280 104 0.041667
289 104 0.041667
3 104 0.041667
4 104 0.041667
5 104 0.041667
17 104 0.041667
280 104 0.041667
47 104 0.041667
289 104 0.041667
242 104 0.041667
170 104 0.041667
198 104 0.041667
117 104 0.041667
189 104 0.041667
3 106 0.055556
28 106 0.055556
55 106 0.055556
60 106 0.055556
79 106 0.055556
171 106 0.055556
277 106 0.055556
316 106 0.055556
334 106 0.055556
3 106 0.055556
28 106 0.055556
55 106 0.055556
60 106 0.055556
79 106 0.055556
334 106 0.055556
277 106 0.055556
316 106 0.055556
171 106 0.055556
3 113 0.05
21 113 0.05
23 113 0.05
38 113 0.05
83 113 0.05
134 113 0.05
197 113 0.05
222 113 0.05
249 113 0.05
288 113 0.05
3 113 0.05
21 113 0.05
38 113 0.05
134 113 0.05
23 113 0.05
197 113 0.05
83 113 0.05
222 113 0.05
249 113 0.05
288 113 0.05
3 131 0.071429
4 131 0.071429
18 131 0.071429
27 131 0.071429
46 131 0.071429
134 131 0.071429
266 131 0.071429
3 131 0.071429
4 131 0.071429
18 131 0.071429
46 131 0.071429
134 131 0.071429
27 131 0.071429
266 131 0.071429
3 132 0.1
45 132 0.1
61 132 0.1
109 132 0.1
127 132 0.1
3 132 0.1
61 132 0.1
45 132 0.1
109 132 0.1
127 132 0.1
3 135 0.055556
78 135 0.055556
84 135 0.055556
112 135 0.055556
123 135 0.055556
182 135 0.055556
188 135 0.055556
213 135 0.055556
285 135 0.055556
3 135 0.055556
84 135 0.055556
213 135 0.055556
285 135 0.055556
78 135 0.055556
182 135 0.055556
188 135 0.055556
112 135 0.055556
123 135 0.055556
3 143 0.05
7 143 0.05
91 143 0.05
109 143 0.05
125 143 0.05
204 143 0.05
218 143 0.05
224 143 0.05
254 143 0.05
264 143 0.05
3 143 0.05
7 143 0.05
109 143 0.05
91 143 0.05
264 143 0.05
125 143 0.05
204 143 0.05
224 143 0.05
218 143 0.05
254 143 0.05
3 161 0.083333
18 161 0.083333
46 161 0.083333
67 161 0.083333
144 161 0.083333
315 161 0.083333
3 161 0.083333
18 161 0.083333
46 161 0.083333
67 161 0.083333
144 161 0.083333
315 161 0.083333
3 166 0.1
18 166 0.1
46 166 0.1
95 166 0.1
140 166 0.1
3 166 0.1
18 166 0.1
46 166 0.1
140 166 0.1
95 166 0.1
3 194 0.1
15 194 0.1
23 194 0.1
123 194 0.1
179 194 0.1
3 194 0.1
15 194 0.1
23 194 0.1
179 194 0.1
123 194 0.1
3 205 0.1
11 205 0.1
43 205 0.1
72 205 0.1
107 205 0.1
3 205 0.1
72 205 0.1
107 205 0.1
43 205 0.1
11 205 0.1
3 206 0.0625
34 206 0.0625
46 206 0.0625
51 206 0.0625
149 206 0.0625
217 206 0.0625
255 206 0.0625
318 206 0.0625
3 206 0.0625
34 206 0.0625
46 206 0.0625
51 206 0.0625
217 206 0.0625
255 206 0.0625
149 206 0.0625
318 206 0.0625
3 217 0.083333
24 217 0.083333
27 217 0.083333
34 217 0.083333
206 217 0.083333
311 217 0.083333
3 217 0.083333
34 217 0.083333
24 217 0.083333
27 217 0.083333
206 217 0.083333
311 217 0.083333
3 230 0.071429
7 230 0.071429
82 230 0.071429
127 230 0.071429
192 230 0.071429
232 230 0.071429
304 230 0.071429
3 230 0.071429
7 230 0.071429
82 230 0.071429
192 230 0.071429
127 230 0.071429
232 230 0.071429
304 230 0.071429
3 233 0.1
34 233 0.1
48 233 0.1
114 233 0.1
128 233 0.1
3 233 0.1
34 233 0.1
48 233 0.1
128 233 0.1
114 233 0.1
3 255 0.083333
66 255 0.083333
92 255 0.083333
204 255 0.083333
206 255 0.083333
333 255 0.083333
3 255 0.083333
66 255 0.083333
206 255 0.083333
92 255 0.083333
204 255 0.083333
333 255 0.083333
3 256 0.1
5 256 0.1
8 256 0.1
34 256 0.1
114 256 0.1
3 256 0.1
5 256 0.1
34 256 0.1
8 256 0.1
114 256 0.1
3 264 0.083333
6 264 0.083333
45 264 0.083333
143 264 0.083333
242 264 0.083333
326 264 0.083333
3 264 0.083333
6 264 0.083333
45 264 0.083333
143 264 0.083333
242 264 0.083333
326 264 0.083333
3 278 0.1
15 278 0.1
17 278 0.1
50 278 0.1
221 278 0.1
3 278 0.1
17 278 0.1
50 278 0.1
15 278 0.1
221 278 0.1
3 285 0.1
59 285 0.1
135 285 0.1
229 285 0.1
250 285 0.1
3 285 0.1
59 285 0.1
135 285 0.1
229 285 0.1
250 285 0.1
4 30 0.026316
11 30 0.026316
14 30 0.026316
18 30 0.026316
26 30 0.026316
40 30 0.026316
52 30 0.026316
71 30 0.026316
74 30 0.026316
95 30 0.026316
96 30 0.026316
105 30 0.026316
117 30 0.026316
121 30 0.026316
123 30 0.026316
169 30 0.026316
196 30 0.026316
305 30 0.026316
317 30 0.026316
4 30 0.026316
14 30 0.026316
18 30 0.026316
52 30 0.026316
196 30 0.026316
11 30 0.026316
26 30 0.026316
96 30 0.026316
71 30 0.026316
40 30 0.026316
95 30 0.026316
74 30 0.026316
105 30 0.026316
121 30 0.026316
317 30 0.026316
117 30 0.026316
123 30 0.026316
169 30 0.026316
305 30 0.026316
4 119 0.03125
43 119 0.03125
55 119 0.03125
61 119 0.03125
82 119 0.03125
151 119 0.03125
171 119 0.03125
188 119 0.03125
207 119 0.03125
209 119 0.03125
216 119 0.03125
261 119 0.03125
273 119 0.03125
300 119 0.03125
308 119 0.03125
313 119 0.03125
4 119 0.03125
61 119 0.03125
82 119 0.03125
216 119 0.03125
43 119 0.03125
55 119 0.03125
209 119 0.03125
188 119 0.03125
207 119 0.03125
313 119 0.03125
308 119 0.03125
300 119 0.03125
273 119 0.03125
151 119 0.03125
171 119 0.03125
261 119 0.03125
4 260 0.1
28 260 0.1
43 260 0.1
116 260 0.1
234 260 0.1
4 260 0.1
28 260 0.1
43 260 0.1
234 260 0.1
116 260 0.1
4 267 0.083333
20 267 0.083333
25 267 0.083333
201 267 0.083333
259 267 0.083333
281 267 0.083333
4 267 0.083333
20 267 0.083333
25 267 0.083333
201 267 0.083333
259 267 0.083333
281 267 0.083333
4 274 0.1
13 274 0.1
24 274 0.1
28 274 0.1
54 274 0.1
4 274 0.1
13 274 0.1
28 274 0.1
54 274 0.1
24 274 0.1
4 279 0.1
25 279 0.1
60 279 0.1
61 279 0.1
168 279 0.1
4 279 0.1
25 279 0.1
61 279 0.1
60 279 0.1
168 279 0.1
4 292 0.1
26 292 0.1
68 292 0.1
92 292 0.1
284 292 0.1
4 292 0.1
26 292 0.1
284 292 0.1
92 292 0.1
68 292 0.1
5 79 0.05
6 79 0.05
26 79 0.05
38 79 0.05
44 79 0.05
84 79 0.05
88 79 0.05
106 79 0.05
165 79 0.05
323 79 0.05
5 79 0.05
6 79 0.05
38 79 0.05
84 79 0.05
26 79 0.05
106 79 0.05
44 79 0.05
88 79 0.05
323 79 0.05
165 79 0.05
5 141 0.1
9 141 0.1
13 141 0.1
20 141 0.1
99 141 0.1
5 141 0.1
9 141 0.1
13 141 0.1
20 141 0.1
99 141 0.1
5 177 0.05
16 177 0.05
71 177 0.05
82 177 0.05
120 177 0.05
209 177 0.05
248 177 0.05
263 177 0.05
271 177 0.05
299 177 0.05
5 177 0.05
16 177 0.05
82 177 0.05
271 177 0.05
120 177 0.05
71 177 0.05
209 177 0.05
248 177 0.05
299 177 0.05
263 177 0.05
5 179 0.071429
7 179 0.071429
8 179 0.071429
9 179 0.071429
114 179 0.071429
194 179 0.071429
301 179 0.071429
5 179 0.071429
7 179 0.071429
9 179 0.071429
8 179 0.071429
194 179 0.071429
114 179 0.071429
301 179 0.071429
5 227 0.071429
22 227 0.071429
34 227 0.071429
38 227 0.071429
171 227 0.071429
290 227 0.071429
327 227 0.071429
5 227 0.071429
22 227 0.071429
34 227 0.071429
38 227 0.071429
327 227 0.071429
171 227 0.071429
290 227 0.071429
5 245 0.083333
15 245 0.083333
46 245 0.083333
98 245 0.083333
108 245 0.083333
303 245 0.083333
5 245 0.083333
46 245 0.083333
15 245 0.083333
98 245 0.083333
108 245 0.083333
303 245 0.083333
5 265 0.1
13 265 0.1
18 265 0.1
28 265 0.1
189 265 0.1
5 265 0.1
13 265 0.1
18 265 0.1
28 265 0.1
189 265 0.1
5 311 0.1
13 311 0.1
102 311 0.1
217 311 0.1
254 311 0.1
5 311 0.1
13 311 0.1
102 311 0.1
217 311 0.1
254 311 0.1
6 42 0.055556
9 42 0.055556
13 42 0.055556
18 42 0.055556
39 42 0.055556
44 42 0.055556
59 42 0.055556
276 42 0.055556
328 42 0.055556
6 42 0.055556
9 42 0.055556
13 42 0.055556
18 42 0.055556
39 42 0.055556
59 42 0.055556
44 42 0.055556
328 42 0.055556
276 42 0.055556
6 44 0.055556
10 44 0.055556
15 44 0.055556
20 44 0.055556
42 44 0.055556
48 44 0.055556
79 44 0.055556
211 44 0.055556
306 44 0.055556
6 44 0.055556
10 44 0.055556
20 44 0.055556
48 44 0.055556
15 44 0.055556
79 44 0.055556
42 44 0.055556
211 44 0.055556
306 44 0.055556
6 78 0.045455
39 78 0.045455
63 78 0.045455
70 78 0.045455
71 78 0.045455
90 78 0.045455
135 78 0.045455
159 78 0.045455
185 78 0.045455
295 78 0.045455
309 78 0.045455
6 78 0.045455
39 78 0.045455
135 78 0.045455
159 78 0.045455
70 78 0.045455
71 78 0.045455
63 78 0.045455
90 78 0.045455
185 78 0.045455
309 78 0.045455
295 78 0.045455
6 99 0.041667
10 99 0.041667
15 99 0.041667
47 99 0.041667
54 99 0.041667
133 99 0.041667
141 99 0.041667
170 99 0.041667
178 99 0.041667
183 99 0.041667
197 99 0.041667
286 99 0.041667
6 99 0.041667
10 99 0.041667
54 99 0.041667
133 99 0.041667
286 99 0.041667
15 99 0.041667
178 99 0.041667
47 99 0.041667
141 99 0.041667
197 99 0.041667
170 99 0.041667
183 99 0.041667
6 100 0.071429
9 100 0.071429
14 100 0.071429
27 100 0.071429
75 100 0.071429
142 100 0.071429
149 100 0.071429
6 100 0.071429
9 100 0.071429
14 100 0.071429
75 100 0.071429
27 100 0.071429
142 100 0.071429
149 100 0.071429
6 138 0.041667
17 138 0.041667
36 138 0.041667
133 138 0.041667
134 138 0.041667
150 138 0.041667
178 138 0.041667
208 138 0.041667
239 138 0.041667
266 138 0.041667
320 138 0.041667
328 138 0.041667
6 138 0.041667
17 138 0.041667
133 138 0.041667
134 138 0.041667
178 138 0.041667
328 138 0.041667
239 138 0.041667
36 138 0.041667
266 138 0.041667
208 138 0.041667
150 138 0.041667
320 138 0.041667
6 142 0.071429
16 142 0.071429
39 142 0.071429
100 142 0.071429
109 142 0.071429
238 142 0.071429
243 142 0.071429
6 142 0.071429
16 142 0.071429
39 142 0.071429
109 142 0.071429
100 142 0.071429
238 142 0.071429
243 142 0.071429
6 158 0.055556
9 158 0.055556
13 158 0.055556
58 158 0.055556
112 158 0.055556
160 158 0.055556
169 158 0.055556
298 158 0.055556
330 158 0.055556
6 158 0.055556
9 158 0.055556
13 158 0.055556
58 158 0.055556
160 158 0.055556
298 158 0.055556
330 158 0.055556
112 158 0.055556
169 158 0.055556
6 163 0.1
12 163 0.1
15 163 0.1
18 163 0.1
81 163 0.1
6 163 0.1
12 163 0.1
18 163 0.1
15 163 0.1
81 163 0.1
6 164 0.071429
8 164 0.071429
9 164 0.071429
17 164 0.071429
144 164 0.071429
181 164 0.071429
251 164 0.071429
6 164 0.071429
9 164 0.071429
17 164 0.071429
144 164 0.071429
181 164 0.071429
8 164 0.071429
251 164 0.071429
6 197 0.0625
11 197 0.0625
95 197 0.0625
99 197 0.0625
113 197 0.0625
263 197 0.0625
301 197 0.0625
318 197 0.0625
6 197 0.0625
11 197 0.0625
113 197 0.0625
99 197 0.0625
95 197 0.0625
301 197 0.0625
263 197 0.0625
318 197 0.0625
6 202 0.1
26 202 0.1
31 202 0.1
34 202 0.1
155 202 0.1
6 202 0.1
34 202 0.1
26 202 0.1
31 202 0.1
155 202 0.1
6 221 0.083333
25 221 0.083333
45 221 0.083333
55 221 0.083333
80 221 0.083333
278 221 0.083333
6 221 0.083333
25 221 0.083333
45 221 0.083333
55 221 0.083333
278 221 0.083333
80 221 0.083333
6 237 0.083333
41 237 0.083333
46 237 0.083333
70 237 0.083333
107 237 0.083333
304 237 0.083333
6 237 0.083333
41 237 0.083333
46 237 0.083333
107 237 0.083333
70 237 0.083333
304 237 0.083333
6 238 0.1
8 238 0.1
84 238 0.1
142 238 0.1
157 238 0.1
6 238 0.1
84 238 0.1
8 238 0.1
142 238 0.1
157 238 0.1
6 257 0.083333
31 257 0.083333
59 257 0.083333
98 257 0.083333
127 257 0.083333
309 257 0.083333
6 257 0.083333
98 257 0.083333
59 257 0.083333
31 257 0.083333
127 257 0.083333
309 257 0.083333
6 284 0.083333
16 284 0.083333
46 284 0.083333
94 284 0.083333
128 284 0.083333
292 284 0.083333
6 284 0.083333
16 284 0.083333
46 284 0.083333
128 284 0.083333
94 284 0.083333
292 284 0.083333
7 120 0.071429
9 120 0.071429
54 120 0.071429
83 120 0.071429
94 120 0.071429
177 120 0.071429
232 120 0.071429
7 120 0.071429
9 120 0.071429
54 120 0.071429
94 120 0.071429
177 120 0.071429
83 120 0.071429
232 120 0.071429
7 126 0.083333
13 126 0.083333
32 126 0.083333
65 126 0.083333
116 126 0.083333
172 126 0.083333
7 126 0.083333
13 126 0.083333
32 126 0.083333
172 126 0.083333
65 126 0.083333
116 126 0.083333
7 154 0.0625
22 154 0.0625
33 154 0.0625
77 154 0.0625
127 154 0.0625
156 154 0.0625
294 154 0.0625
318 154 0.0625
7 154 0.0625
22 154 0.0625
33 154 0.0625
77 154 0.0625
127 154 0.0625
156 154 0.0625
294 154 0.0625
318 154 0.0625
7 157 0.071429
25 157 0.071429
66 157 0.071429
76 157 0.071429
95 157 0.071429
238 157 0.071429
289 157 0.071429
7 157 0.071429
25 157 0.071429
66 157 0.071429
238 157 0.071429
289 157 0.071429
95 157 0.071429
76 157 0.071429
7 234 0.083333
17 234 0.083333
58 234 0.083333
88 234 0.083333
186 234 0.083333
260 234 0.083333
7 234 0.083333
17 234 0.083333
58 234 0.083333
260 234 0.083333
186 234 0.083333
88 234 0.083333
7 332 0.1
21 332 0.1
82 332 0.1
291 332 0.1
301 332 0.1
7 332 0.1
21 332 0.1
82 332 0.1
301 332 0.1
291 332 0.1
8 83 0.05
10 83 0.05
18 83 0.05
22 83 0.05
33 83 0.05
113 83 0.05
120 83 0.05
128 83 0.05
165 83 0.05
201 83 0.05
10 83 0.05
18 83 0.05
22 83 0.05
33 83 0.05
128 83 0.05
201 83 0.05
8 83 0.05
113 83 0.05
120 83 0.05
165 83 0.05
8 159 0.1
18 159 0.1
29 159 0.1
78 159 0.1
151 159 0.1
18 159 0.1
8 159 0.1
29 159 0.1
78 159 0.1
151 159 0.1
8 174 0.0625
22 174 0.0625
63 174 0.0625
86 174 0.0625
123 174 0.0625
309 174 0.0625
318 174 0.0625
322 174 0.0625
22 174 0.0625
8 174 0.0625
63 174 0.0625
86 174 0.0625
322 174 0.0625
123 174 0.0625
309 174 0.0625
318 174 0.0625
8 192 0.071429
14 192 0.071429
19 192 0.071429
24 192 0.071429
56 192 0.071429
230 192 0.071429
323 192 0.071429
14 192 0.071429
19 192 0.071429
8 192 0.071429
24 192 0.071429
230 192 0.071429
56 192 0.071429
323 192 0.071429
8 214 0.0625
54 214 0.0625
65 214 0.0625
86 214 0.0625
134 214 0.0625
224 214 0.0625
231 214 0.0625
249 214 0.0625
54 214 0.0625
8 214 0.0625
134 214 0.0625
231 214 0.0625
65 214 0.0625
86 214 0.0625
224 214 0.0625
249 214 0.0625
8 226 0.083333
17 226 0.083333
18 226 0.083333
27 226 0.083333
31 226 0.083333
231 226 0.083333
17 226 0.083333
18 226 0.083333
8 226 0.083333
27 226 0.083333
31 226 0.083333
231 226 0.083333
8 235 0.071429
19 235 0.071429
71 235 0.071429
108 235 0.071429
178 235 0.071429
269 235 0.071429
270 235 0.071429
19 235 0.071429
8 235 0.071429
178 235 0.071429
71 235 0.071429
108 235 0.071429
269 235 0.071429
270 235 0.071429
8 289 0.083333
28 289 0.083333
104 289 0.083333
111 289 0.083333
157 289 0.083333
327 289 0.083333
28 289 0.083333
8 289 0.083333
327 289 0.083333
104 289 0.083333
157 289 0.083333
111 289 0.083333
8 298 0.083333
17 298 0.083333
22 298 0.083333
71 298 0.083333
158 298 0.083333
316 298 0.083333
17 298 0.083333
22 298 0.083333
8 298 0.083333
158 298 0.083333
71 298 0.083333
316 298 0.083333
8 321 0.1
9 321 0.1
47 321 0.1
55 321 0.1
204 321 0.1
9 321 0.1
8 321 0.1
55 321 0.1
47 321 0.1
204 321 0.1
9 56 0.05
15 56 0.05
18 56 0.05
39 56 0.05
47 56 0.05
59 56 0.05
192 56 0.05
212 56 0.05
281 56 0.05
288 56 0.05
9 56 0.05
18 56 0.05
212 56 0.05
15 56 0.05
39 56 0.05
59 56 0.05
47 56 0.05
192 56 0.05
281 56 0.05
288 56 0.05
9 80 0.0625
11 80 0.0625
14 80 0.0625
17 80 0.0625
18 80 0.0625
109 80 0.0625
196 80 0.0625
221 80 0.0625
9 80 0.0625
14 80 0.0625
17 80 0.0625
18 80 0.0625
196 80 0.0625
11 80 0.0625
109 80 0.0625
221 80 0.0625
9 110 0.055556
10 110 0.055556
14 110 0.055556
21 110 0.055556
38 110 0.055556
133 110 0.055556
241 110 0.055556
254 110 0.055556
282 110 0.055556
9 110 0.055556
10 110 0.055556
14 110 0.055556
21 110 0.055556
38 110 0.055556
133 110 0.055556
241 110 0.055556
282 110 0.055556
254 110 0.055556
9 125 0.055556
12 125 0.055556
18 125 0.055556
46 125 0.055556
121 125 0.055556
143 125 0.055556
186 125 0.055556
251 125 0.055556
296 125 0.055556
9 125 0.055556
12 125 0.055556
18 125 0.055556
46 125 0.055556
143 125 0.055556
186 125 0.055556
296 125 0.055556
121 125 0.055556
251 125 0.055556
9 149 0.055556
39 149 0.055556
82 149 0.055556
100 149 0.055556
109 149 0.055556
153 149 0.055556
165 149 0.055556
198 149 0.055556
206 149 0.055556
9 149 0.055556
82 149 0.055556
39 149 0.055556
109 149 0.055556
206 149 0.055556
100 149 0.055556
198 149 0.055556
165 149 0.055556
153 149 0.055556
9 229 0.083333
19 229 0.083333
39 229 0.083333
84 229 0.083333
213 229 0.083333
285 229 0.083333
9 229 0.083333
19 229 0.083333
84 229 0.083333
39 229 0.083333
213 229 0.083333
285 229 0.083333
10 32 0.071429
13 32 0.071429
17 32 0.071429
18 32 0.071429
22 32 0.071429
40 32 0.071429
126 32 0.071429
10 32 0.071429
13 32 0.071429
17 32 0.071429
18 32 0.071429
22 32 0.071429
126 32 0.071429
40 32 0.071429
10 70 0.05
15 70 0.05
43 70 0.05
49 70 0.05
60 70 0.05
78 70 0.05
128 70 0.05
162 70 0.05
237 70 0.05
330 70 0.05
10 70 0.05
128 70 0.05
15 70 0.05
43 70 0.05
60 70 0.05
49 70 0.05
78 70 0.05
237 70 0.05
330 70 0.05
162 70 0.05
10 71 0.03125
16 71 0.03125
30 71 0.03125
37 71 0.03125
53 71 0.03125
78 71 0.03125
116 71 0.03125
177 71 0.03125
180 71 0.03125
193 71 0.03125
200 71 0.03125
235 71 0.03125
250 71 0.03125
298 71 0.03125
328 71 0.03125
331 71 0.03125
10 71 0.03125
16 71 0.03125
193 71 0.03125
331 71 0.03125
53 71 0.03125
37 71 0.03125
30 71 0.03125
177 71 0.03125
78 71 0.03125
235 71 0.03125
298 71 0.03125
180 71 0.03125
328 71 0.03125
116 71 0.03125
250 71 0.03125
200 71 0.03125
10 81 0.045455
13 81 0.045455
18 81 0.045455
60 81 0.045455
67 81 0.045455
85 81 0.045455
127 81 0.045455
151 81 0.045455
163 81 0.045455
191 81 0.045455
246 81 0.045455
10 81 0.045455
13 81 0.045455
18 81 0.045455
67 81 0.045455
191 81 0.045455
60 81 0.045455
85 81 0.045455
163 81 0.045455
127 81 0.045455
246 81 0.045455
151 81 0.045455
10 111 0.05
13 111 0.05
15 111 0.05
36 111 0.05
40 111 0.05
188 111 0.05
240 111 0.05
251 111 0.05
273 111 0.05
289 111 0.05
10 111 0.05
13 111 0.05
15 111 0.05
289 111 0.05
240 111 0.05
40 111 0.05
36 111 0.05
188 111 0.05
251 111 0.05
273 111 0.05
10 180 0.1
13 180 0.1
15 180 0.1
71 180 0.1
112 180 0.1
10 180 0.1
13 180 0.1
15 180 0.1
71 180 0.1
112 180 0.1
10 182 0.083333
31 182 0.083333
43 182 0.083333
46 182 0.083333
135 182 0.083333
242 182 0.083333
10 182 0.083333
46 182 0.083333
43 182 0.083333
31 182 0.083333
135 182 0.083333
242 182 0.083333
10 190 0.1
18 190 0.1
91 190 0.1
114 190 0.1
140 190 0.1
10 190 0.1
18 190 0.1
140 190 0.1
91 190 0.1
114 190 0.1
10 231 0.1
39 231 0.1
128 231 0.1
214 231 0.1
226 231 0.1
10 231 0.1
128 231 0.1
39 231 0.1
214 231 0.1
226 231 0.1
10 240 0.1
37 240 0.1
60 240 0.1
65 240 0.1
111 240 0.1
10 240 0.1
60 240 0.1
37 240 0.1
111 240 0.1
65 240 0.1
10 242 0.071429
82 242 0.071429
104 242 0.071429
122 242 0.071429
182 242 0.071429
264 242 0.071429
291 242 0.071429
10 242 0.071429
82 242 0.071429
122 242 0.071429
104 242 0.071429
264 242 0.071429
182 242 0.071429
291 242 0.071429
10 243 0.083333
46 243 0.083333
142 243 0.083333
169 243 0.083333
203 243 0.083333
314 243 0.083333
10 243 0.083333
46 243 0.083333
142 243 0.083333
203 243 0.083333
314 243 0.083333
169 243 0.083333
10 328 0.1
38 328 0.1
42 328 0.1
71 328 0.1
138 328 0.1
10 328 0.1
38 328 0.1
42 328 0.1
138 328 0.1
71 328 0.1
11 40 0.05
26 40 0.05
30 40 0.05
32 40 0.05
39 40 0.05
41 40 0.05
111 40 0.05
187 40 0.05
251 40 0.05
295 40 0.05
41 40 0.05
11 40 0.05
39 40 0.05
26 40 0.05
30 40 0.05
32 40 0.05
111 40 0.05
187 40 0.05
251 40 0.05
295 40 0.05
11 95 0.038462
18 95 0.038462
30 95 0.038462
74 95 0.038462
84 95 0.038462
129 95 0.038462
144 95 0.038462
157 95 0.038462
166 95 0.038462
183 95 0.038462
197 95 0.038462
219 95 0.038462
220 95 0.038462
18 95 0.038462
84 95 0.038462
144 95 0.038462
129 95 0.038462
11 95 0.038462
166 95 0.038462
30 95 0.038462
197 95 0.038462
157 95 0.038462
74 95 0.038462
220 95 0.038462
183 95 0.038462
219 95 0.038462
11 114 0.05
23 114 0.05
25 114 0.05
55 114 0.05
59 114 0.05
179 114 0.05
190 114 0.05
233 114 0.05
256 114 0.05
329 114 0.05
25 114 0.05
55 114 0.05
11 114 0.05
59 114 0.05
23 114 0.05
233 114 0.05
256 114 0.05
179 114 0.05
190 114 0.05
329 114 0.05
11 147 0.083333
34 147 0.083333
38 147 0.083333
47 147 0.083333
53 147 0.083333
187 147 0.083333
34 147 0.083333
38 147 0.083333
11 147 0.083333
53 147 0.083333
47 147 0.083333
187 147 0.083333
11 172 0.083333
13 172 0.083333
27 172 0.083333
48 172 0.083333
126 172 0.083333
211 172 0.083333
13 172 0.083333
48 172 0.083333
11 172 0.083333
27 172 0.083333
126 172 0.083333
211 172 0.083333
11 186 0.083333
18 186 0.083333
54 186 0.083333
121 186 0.083333
125 186 0.083333
234 186 0.083333
18 186 0.083333
54 186 0.083333
11 186 0.083333
234 186 0.083333
125 186 0.083333
121 186 0.083333
11 209 0.1
61 209 0.1
119 209 0.1
175 209 0.1
177 209 0.1
61 209 0.1
11 209 0.1
119 209 0.1
177 209 0.1
175 209 0.1
11 210 0.083333
15 210 0.083333
86 210 0.083333
121 210 0.083333
156 210 0.083333
324 210 0.083333
15 210 0.083333
11 210 0.083333
86 210 0.083333
324 210 0.083333
121 210 0.083333
156 210 0.083333
11 248 0.1
15 248 0.1
34 248 0.1
177 248 0.1
223 248 0.1
34 248 0.1
15 248 0.1
223 248 0.1
11 248 0.1
177 248 0.1
11 259 0.071429
20 259 0.071429
65 259 0.071429
84 259 0.071429
109 259 0.071429
267 259 0.071429
305 259 0.071429
20 259 0.071429
84 259 0.071429
11 259 0.071429
109 259 0.071429
267 259 0.071429
65 259 0.071429
305 259 0.071429
12 63 0.055556
15 63 0.055556
16 63 0.055556
27 63 0.055556
43 63 0.055556
78 63 0.055556
174 63 0.055556
261 63 0.055556
275 63 0.055556
12 63 0.055556
16 63 0.055556
15 63 0.055556
43 63 0.055556
27 63 0.055556
78 63 0.055556
174 63 0.055556
275 63 0.055556
261 63 0.055556
12 90 0.071429
17 90 0.071429
19 90 0.071429
60 90 0.071429
78 90 0.071429
98 90 0.071429
315 90 0.071429
12 90 0.071429
17 90 0.071429
19 90 0.071429
60 90 0.071429
98 90 0.071429
78 90 0.071429
315 90 0.071429
12 92 0.045455
60 92 0.045455
61 92 0.045455
66 92 0.045455
73 92 0.045455
187 92 0.045455
193 92 0.045455
250 92 0.045455
255 92 0.045455
262 92 0.045455
292 92 0.045455
12 92 0.045455
61 92 0.045455
66 92 0.045455
193 92 0.045455
60 92 0.045455
73 92 0.045455
255 92 0.045455
292 92 0.045455
250 92 0.045455
262 92 0.045455
187 92 0.045455
12 136 0.083333
61 136 0.083333
73 136 0.083333
87 136 0.083333
124 136 0.083333
281 136 0.083333
12 136 0.083333
61 136 0.083333
73 136 0.083333
87 136 0.083333
124 136 0.083333
281 136 0.083333
12 137 0.071429
18 137 0.071429
55 137 0.071429
64 137 0.071429
105 137 0.071429
211 137 0.071429
270 137 0.071429
12 137 0.071429
18 137 0.071429
55 137 0.071429
64 137 0.071429
105 137 0.071429
211 137 0.071429
270 137 0.071429
12 236 0.1
54 236 0.1
82 236 0.1
155 236 0.1
169 236 0.1
12 236 0.1
54 236 0.1
82 236 0.1
155 236 0.1
169 236 0.1
12 283 0.1
45 283 0.1
155 283 0.1
176 283 0.1
199 283 0.1
12 283 0.1
199 283 0.1
45 283 0.1
176 283 0.1
155 283 0.1
12 293 0.083333
16 293 0.083333
82 293 0.083333
93 293 0.083333
170 293 0.083333
326 293 0.083333
12 293 0.083333
16 293 0.083333
82 293 0.083333
93 293 0.083333
170 293 0.083333
326 293 0.083333
12 319 0.1
45 319 0.1
181 319 0.1
271 319 0.1
276 319 0.1
12 319 0.1
181 319 0.1
45 319 0.1
271 319 0.1
276 319 0.1
12 325 0.1
13 325 0.1
26 325 0.1
37 325 0.1
107 325 0.1
12 325 0.1
13 325 0.1
107 325 0.1
26 325 0.1
37 325 0.1
13 65 0.03125
16 65 0.03125
51 65 0.03125
59 65 0.03125
62 65 0.03125
101 65 0.03125
118 65 0.03125
126 65 0.03125
150 65 0.03125
195 65 0.03125
214 65 0.03125
220 65 0.03125
240 65 0.03125
259 65 0.03125
261 65 0.03125
300 65 0.03125
13 65 0.03125
16 65 0.03125
62 65 0.03125
101 65 0.03125
51 65 0.03125
59 65 0.03125
126 65 0.03125
214 65 0.03125
240 65 0.03125
259 65 0.03125
220 65 0.03125
118 65 0.03125
150 65 0.03125
195 65 0.03125
300 65 0.03125
261 65 0.03125
13 68 0.038462
16 68 0.038462
21 68 0.038462
29 68 0.038462
36 68 0.038462
91 68 0.038462
109 68 0.038462
122 68 0.038462
127 68 0.038462
246 68 0.038462
292 68 0.038462
294 68 0.038462
324 68 0.038462
13 68 0.038462
16 68 0.038462
21 68 0.038462
122 68 0.038462
29 68 0.038462
109 68 0.038462
91 68 0.038462
292 68 0.038462
324 68 0.038462
36 68 0.038462
127 68 0.038462
246 68 0.038462
294 68 0.038462
13 86 0.038462
15 86 0.038462
20 86 0.038462
38 86 0.038462
84 86 0.038462
130 86 0.038462
151 86 0.038462
168 86 0.038462
174 86 0.038462
210 86 0.038462
214 86 0.038462
241 86 0.038462
270 86 0.038462
13 86 0.038462
20 86 0.038462
38 86 0.038462
84 86 0.038462
130 86 0.038462
15 86 0.038462
241 86 0.038462
174 86 0.038462
214 86 0.038462
210 86 0.038462
168 86 0.038462
270 86 0.038462
151 86 0.038462
13 88 0.045455
17 88 0.045455
22 88 0.045455
37 88 0.045455
79 88 0.045455
118 88 0.045455
133 88 0.045455
212 88 0.045455
222 88 0.045455
234 88 0.045455
307 88 0.045455
13 88 0.045455
17 88 0.045455
22 88 0.045455
133 88 0.045455
212 88 0.045455
307 88 0.045455
37 88 0.045455
79 88 0.045455
234 88 0.045455
118 88 0.045455
222 88 0.045455
13 170 0.071429
84 170 0.071429
99 170 0.071429
104 170 0.071429
123 170 0.071429
282 170 0.071429
293 170 0.071429
13 170 0.071429
84 170 0.071429
104 170 0.071429
99 170 0.071429
293 170 0.071429
282 170 0.071429
123 170 0.071429
13 203 0.083333
20 203 0.083333
28 203 0.083333
82 203 0.083333
167 203 0.083333
243 203 0.083333
13 203 0.083333
20 203 0.083333
28 203 0.083333
82 203 0.083333
243 203 0.083333
167 203 0.083333
13 204 0.05
15 204 0.05
66 204 0.05
82 204 0.05
143 204 0.05
228 204 0.05
255 204 0.05
290 204 0.05
313 204 0.05
321 204 0.05
13 204 0.05
66 204 0.05
82 204 0.05
15 204 0.05
143 204 0.05
255 204 0.05
321 204 0.05
228 204 0.05
313 204 0.05
290 204 0.05
13 224 0.0625
143 224 0.0625
155 224 0.0625
181 224 0.0625
214 224 0.0625
254 224 0.0625
329 224 0.0625
333 224 0.0625
13 224 0.0625
181 224 0.0625
143 224 0.0625
214 224 0.0625
155 224 0.0625
333 224 0.0625
329 224 0.0625
254 224 0.0625
13 239 0.1
18 239 0.1
52 239 0.1
138 239 0.1
191 239 0.1
13 239 0.1
18 239 0.1
191 239 0.1
52 239 0.1
138 239 0.1
13 282 0.1
38 282 0.1
109 282 0.1
110 282 0.1
170 282 0.1
13 282 0.1
38 282 0.1
109 282 0.1
110 282 0.1
170 282 0.1
13 301 0.083333
26 301 0.083333
45 301 0.083333
179 301 0.083333
197 301 0.083333
332 301 0.083333
13 301 0.083333
45 301 0.083333
26 301 0.083333
179 301 0.083333
197 301 0.083333
332 301 0.083333
13 314 0.1
54 314 0.1
144 314 0.1
243 314 0.1
295 314 0.1
13 314 0.1
54 314 0.1
144 314 0.1
243 314 0.1
295 314 0.1
13 324 0.1
68 324 0.1
105 324 0.1
210 324 0.1
219 324 0.1
13 324 0.1
210 324 0.1
68 324 0.1
105 324 0.1
219 324 0.1
13 330 0.1
70 330 0.1
76 330 0.1
158 330 0.1
244 330 0.1
13 330 0.1
244 330 0.1
158 330 0.1
70 330 0.1
76 330 0.1
13 334 0.1
36 334 0.1
73 334 0.1
106 334 0.1
191 334 0.1
13 334 0.1
191 334 0.1
73 334 0.1
106 334 0.1
36 334 0.1
14 36 0.045455
20 36 0.045455
22 36 0.045455
24 36 0.045455
26 36 0.045455
48 36 0.045455
68 36 0.045455
111 36 0.045455
138 36 0.045455
276 36 0.045455
334 36 0.045455
14 36 0.045455
20 36 0.045455
22 36 0.045455
48 36 0.045455
24 36 0.045455
26 36 0.045455
138 36 0.045455
111 36 0.045455
68 36 0.045455
334 36 0.045455
276 36 0.045455
14 74 0.05
17 74 0.05
30 74 0.05
51 74 0.05
66 74 0.05
95 74 0.05
130 74 0.05
225 74 0.05
262 74 0.05
326 74 0.05
14 74 0.05
17 74 0.05
66 74 0.05
130 74 0.05
51 74 0.05
225 74 0.05
30 74 0.05
95 74 0.05
262 74 0.05
326 74 0.05
14 108 0.055556
15 108 0.055556
19 108 0.055556
49 108 0.055556
66 108 0.055556
145 108 0.055556
235 108 0.055556
245 108 0.055556
308 108 0.055556
14 108 0.055556
19 108 0.055556
66 108 0.055556
15 108 0.055556
145 108 0.055556
49 108 0.055556
245 108 0.055556
235 108 0.055556
308 108 0.055556
14 188 0.1
15 188 0.1
111 188 0.1
119 188 0.1
135 188 0.1
14 188 0.1
15 188 0.1
135 188 0.1
119 188 0.1
111 188 0.1
14 218 0.1
50 218 0.1
105 218 0.1
143 218 0.1
156 218 0.1
14 218 0.1
50 218 0.1
143 218 0.1
105 218 0.1
156 218 0.1
15 76 0.038462
16 76 0.038462
23 76 0.038462
26 76 0.038462
31 76 0.038462
129 76 0.038462
140 76 0.038462
157 76 0.038462
187 76 0.038462
191 76 0.038462
286 76 0.038462
315 76 0.038462
330 76 0.038462
16 76 0.038462
140 76 0.038462
191 76 0.038462
286 76 0.038462
15 76 0.038462
129 76 0.038462
23 76 0.038462
26 76 0.038462
31 76 0.038462
157 76 0.038462
330 76 0.038462
187 76 0.038462
315 76 0.038462
15 105 0.041667
30 105 0.041667
49 105 0.041667
72 105 0.041667
75 105 0.041667
123 105 0.041667
130 105 0.041667
137 105 0.041667
162 105 0.041667
218 105 0.041667
258 105 0.041667
324 105 0.041667
72 105 0.041667
130 105 0.041667
15 105 0.041667
75 105 0.041667
258 105 0.041667
49 105 0.041667
30 105 0.041667
137 105 0.041667
324 105 0.041667
218 105 0.041667
162 105 0.041667
123 105 0.041667
15 112 0.055556
49 112 0.055556
55 112 0.055556
60 112 0.055556
85 112 0.055556
135 112 0.055556
146 112 0.055556
158 112 0.055556
180 112 0.055556
15 112 0.055556
55 112 0.055556
60 112 0.055556
85 112 0.055556
49 112 0.055556
135 112 0.055556
158 112 0.055556
180 112 0.055556
146 112 0.055556
15 167 0.0625
24 167 0.0625
26 167 0.0625
130 167 0.0625
146 167 0.0625
176 167 0.0625
203 167 0.0625
316 167 0.0625
130 167 0.0625
15 167 0.0625
24 167 0.0625
176 167 0.0625
26 167 0.0625
203 167 0.0625
146 167 0.0625
316 167 0.0625
15 184 0.1
72 184 0.1
84 184 0.1
96 184 0.1
140 184 0.1
72 184 0.1
84 184 0.1
140 184 0.1
15 184 0.1
96 184 0.1
15 198 0.083333
85 198 0.083333
104 198 0.083333
144 198 0.083333
149 198 0.083333
288 198 0.083333
144 198 0.083333
15 198 0.083333
85 198 0.083333
104 198 0.083333
149 198 0.083333
288 198 0.083333
15 291 0.083333
46 291 0.083333
59 291 0.083333
242 291 0.083333
258 291 0.083333
332 291 0.083333
46 291 0.083333
15 291 0.083333
59 291 0.083333
258 291 0.083333
332 291 0.083333
242 291 0.083333
15 296 0.1
21 296 0.1
103 296 0.1
125 296 0.1
266 296 0.1
21 296 0.1
15 296 0.1
103 296 0.1
125 296 0.1
266 296 0.1
15 299 0.1
43 299 0.1
45 299 0.1
177 299 0.1
181 299 0.1
181 299 0.1
15 299 0.1
43 299 0.1
45 299 0.1
177 299 0.1
15 322 0.1
35 322 0.1
49 322 0.1
98 322 0.1
174 322 0.1
15 322 0.1
98 322 0.1
35 322 0.1
49 322 0.1
174 322 0.1
16 121 0.055556
19 121 0.055556
20 121 0.055556
25 121 0.055556
30 121 0.055556
124 121 0.055556
125 121 0.055556
186 121 0.055556
210 121 0.055556
16 121 0.055556
19 121 0.055556
20 121 0.055556
25 121 0.055556
30 121 0.055556
125 121 0.055556
186 121 0.055556
210 121 0.055556
124 121 0.055556
16 127 0.05
38 127 0.05
68 127 0.05
81 127 0.05
94 127 0.05
132 127 0.05
154 127 0.05
230 127 0.05
257 127 0.05
277 127 0.05
16 127 0.05
38 127 0.05
94 127 0.05
132 127 0.05
230 127 0.05
257 127 0.05
154 127 0.05
81 127 0.05
68 127 0.05
277 127 0.05
16 146 0.071429
18 146 0.071429
47 146 0.071429
112 146 0.071429
128 146 0.071429
167 146 0.071429
308 146 0.071429
16 146 0.071429
18 146 0.071429
128 146 0.071429
47 146 0.071429
112 146 0.071429
167 146 0.071429
308 146 0.071429
16 220 0.083333
59 220 0.083333
65 220 0.083333
73 220 0.083333
95 220 0.083333
223 220 0.083333
16 220 0.083333
73 220 0.083333
223 220 0.083333
59 220 0.083333
95 220 0.083333
65 220 0.083333
16 232 0.083333
22 232 0.083333
120 232 0.083333
173 232 0.083333
230 232 0.083333
290 232 0.083333
16 232 0.083333
22 232 0.083333
173 232 0.083333
230 232 0.083333
120 232 0.083333
290 232 0.083333
16 317 0.1
30 317 0.1
109 317 0.1
139 317 0.1
273 317 0.1
16 317 0.1
139 317 0.1
109 317 0.1
30 317 0.1
273 317 0.1
17 155 0.041667
34 155 0.041667
43 155 0.041667
55 155 0.041667
69 155 0.041667
199 155 0.041667
202 155 0.041667
224 155 0.041667
236 155 0.041667
241 155 0.041667
263 155 0.041667
283 155 0.041667
17 155 0.041667
34 155 0.041667
199 155 0.041667
43 155 0.041667
55 155 0.041667
69 155 0.041667
241 155 0.041667
202 155 0.041667
236 155 0.041667
283 155 0.041667
224 155 0.041667
263 155 0.041667
17 211 0.1
18 211 0.1
44 211 0.1
137 211 0.1
172 211 0.1
17 211 0.1
18 211 0.1
44 211 0.1
172 211 0.1
137 211 0.1
17 323 0.1
29 323 0.1
79 323 0.1
192 323 0.1
318 323 0.1
17 323 0.1
29 323 0.1
79 323 0.1
192 323 0.1
318 323 0.1
18 116 0.05
38 116 0.05
71 116 0.05
84 116 0.05
93 116 0.05
123 116 0.05
126 116 0.05
213 116 0.05
254 116 0.05
260 116 0.05
18 116 0.05
38 116 0.05
84 116 0.05
213 116 0.05
93 116 0.05
260 116 0.05
126 116 0.05
71 116 0.05
123 116 0.05
254 116 0.05
18 118 0.083333
25 118 0.083333
65 118 0.083333
75 118 0.083333
88 118 0.083333
150 118 0.083333
18 118 0.083333
25 118 0.083333
75 118 0.083333
65 118 0.083333
88 118 0.083333
150 118 0.083333
18 175 0.071429
20 175 0.071429
28 175 0.071429
37 175 0.071429
173 175 0.071429
209 175 0.071429
254 175 0.071429
18 175 0.071429
20 175 0.071429
28 175 0.071429
173 175 0.071429
37 175 0.071429
209 175 0.071429
254 175 0.071429
18 185 0.071429
39 185 0.071429
59 185 0.071429
61 185 0.071429
78 185 0.071429
199 185 0.071429
310 185 0.071429
18 185 0.071429
61 185 0.071429
199 185 0.071429
39 185 0.071429
59 185 0.071429
78 185 0.071429
310 185 0.071429
18 222 0.083333
48 222 0.083333
49 222 0.083333
88 222 0.083333
113 222 0.083333
228 222 0.083333
18 222 0.083333
48 222 0.083333
49 222 0.083333
113 222 0.083333
88 222 0.083333
228 222 0.083333
18 269 0.083333
52 269 0.083333
60 269 0.083333
225 269 0.083333
235 269 0.083333
302 269 0.083333
18 269 0.083333
302 269 0.083333
52 269 0.083333
60 269 0.083333
225 269 0.083333
235 269 0.083333
18 303 0.1
38 303 0.1
39 303 0.1
50 303 0.1
245 303 0.1
18 303 0.1
38 303 0.1
50 303 0.1
39 303 0.1
245 303 0.1
18 310 0.1
59 310 0.1
144 310 0.1
151 310 0.1
185 310 0.1
18 310 0.1
144 310 0.1
59 310 0.1
185 310 0.1
151 310 0.1
18 333 0.1
224 333 0.1
255 333 0.1
272 333 0.1
287 333 0.1
18 333 0.1
272 333 0.1
287 333 0.1
255 333 0.1
224 333 0.1
19 117 0.1
28 117 0.1
30 117 0.1
94 117 0.1
104 117 0.1
19 117 0.1
28 117 0.1
94 117 0.1
104 117 0.1
30 117 0.1
19 156 0.0625
38 156 0.0625
67 156 0.0625
123 156 0.0625
154 156 0.0625
210 156 0.0625
218 156 0.0625
300 156 0.0625
19 156 0.0625
38 156 0.0625
67 156 0.0625
154 156 0.0625
210 156 0.0625
218 156 0.0625
123 156 0.0625
300 156 0.0625
19 277 0.1
46 277 0.1
106 277 0.1
127 277 0.1
134 277 0.1
19 277 0.1
46 277 0.1
134 277 0.1
106 277 0.1
127 277 0.1
20 207 0.1
103 207 0.1
119 207 0.1
124 207 0.1
200 207 0.1
20 207 0.1
103 207 0.1
119 207 0.1
124 207 0.1
200 207 0.1
20 329 0.1
49 329 0.1
102 329 0.1
114 329 0.1
224 329 0.1
20 329 0.1
102 329 0.1
49 329 0.1
114 329 0.1
224 329 0.1
21 276 0.083333
36 276 0.083333
37 276 0.083333
38 276 0.083333
42 276 0.083333
319 276 0.083333
21 276 0.083333
38 276 0.083333
37 276 0.083333
42 276 0.083333
319 276 0.083333
36 276 0.083333
22 124 0.0625
29 124 0.0625
47 124 0.0625
66 124 0.0625
121 124 0.0625
136 124 0.0625
207 124 0.0625
294 124 0.0625
22 124 0.0625
66 124 0.0625
29 124 0.0625
47 124 0.0625
136 124 0.0625
121 124 0.0625
207 124 0.0625
294 124 0.0625
22 228 0.083333
160 228 0.083333
204 228 0.083333
215 228 0.083333
222 228 0.083333
287 228 0.083333
22 228 0.083333
160 228 0.083333
215 228 0.083333
287 228 0.083333
204 228 0.083333
222 228 0.083333
22 250 0.083333
24 250 0.083333
43 250 0.083333
71 250 0.083333
92 250 0.083333
285 250 0.083333
22 250 0.083333
24 250 0.083333
43 250 0.083333
285 250 0.083333
71 250 0.083333
92 250 0.083333
22 313 0.1
73 313 0.1
75 313 0.1
119 313 0.1
204 313 0.1
22 313 0.1
73 313 0.1
75 313 0.1
119 313 0.1
204 313 0.1
22 316 0.1
45 316 0.1
106 316 0.1
167 316 0.1
298 316 0.1
22 316 0.1
45 316 0.1
106 316 0.1
298 316 0.1
167 316 0.1
23 200 0.071429
33 200 0.071429
47 200 0.071429
71 200 0.071429
168 200 0.071429
207 200 0.071429
225 200 0.071429
33 200 0.071429
225 200 0.071429
23 200 0.071429
47 200 0.071429
71 200 0.071429
207 200 0.071429
168 200 0.071429
24 263 0.083333
103 263 0.083333
155 263 0.083333
177 263 0.083333
197 263 0.083333
315 263 0.083333
24 263 0.083333
103 263 0.083333
177 263 0.083333
197 263 0.083333
155 263 0.083333
315 263 0.083333
24 275 0.1
38 275 0.1
39 275 0.1
63 275 0.1
107 275 0.1
38 275 0.1
107 275 0.1
24 275 0.1
39 275 0.1
63 275 0.1
24 308 0.1
108 308 0.1
119 308 0.1
146 308 0.1
302 308 0.1
302 308 0.1
24 308 0.1
119 308 0.1
108 308 0.1
146 308 0.1
25 262 0.1
46 262 0.1
74 262 0.1
92 262 0.1
201 262 0.1
25 262 0.1
46 262 0.1
201 262 0.1
92 262 0.1
74 262 0.1
25 266 0.083333
39 266 0.083333
60 266 0.083333
131 266 0.083333
138 266 0.083333
296 266 0.083333
25 266 0.083333
60 266 0.083333
39 266 0.083333
131 266 0.083333
138 266 0.083333
296 266 0.083333
26 162 0.1
51 162 0.1
70 162 0.1
84 162 0.1
105 162 0.1
84 162 0.1
51 162 0.1
26 162 0.1
70 162 0.1
105 162 0.1
27 123 0.05
30 123 0.05
39 123 0.05
105 123 0.05
116 123 0.05
135 123 0.05
156 123 0.05
170 123 0.05
174 123 0.05
194 123 0.05
39 123 0.05
27 123 0.05
135 123 0.05
194 123 0.05
30 123 0.05
174 123 0.05
170 123 0.05
105 123 0.05
116 123 0.05
156 123 0.05
27 168 0.071429
52 168 0.071429
55 168 0.071429
73 168 0.071429
86 168 0.071429
200 168 0.071429
279 168 0.071429
52 168 0.071429
55 168 0.071429
73 168 0.071429
27 168 0.071429
279 168 0.071429
86 168 0.071429
200 168 0.071429
27 183 0.1
39 183 0.1
95 183 0.1
99 183 0.1
145 183 0.1
145 183 0.1
39 183 0.1
27 183 0.1
99 183 0.1
95 183 0.1
27 246 0.1
45 246 0.1
68 246 0.1
81 246 0.1
201 246 0.1
201 246 0.1
45 246 0.1
27 246 0.1
81 246 0.1
68 246 0.1
27 309 0.1
39 309 0.1
78 309 0.1
174 309 0.1
257 309 0.1
39 309 0.1
27 309 0.1
78 309 0.1
257 309 0.1
174 309 0.1
30 169 0.0625
39 169 0.0625
43 169 0.0625
49 169 0.0625
158 169 0.0625
219 169 0.0625
236 169 0.0625
243 169 0.0625
43 169 0.0625
39 169 0.0625
49 169 0.0625
30 169 0.0625
158 169 0.0625
243 169 0.0625
236 169 0.0625
219 169 0.0625
30 305 0.1
87 305 0.1
150 305 0.1
259 305 0.1
290 305 0.1
87 305 0.1
30 305 0.1
259 305 0.1
150 305 0.1
290 305 0.1
31 208 0.071429
85 208 0.071429
96 208 0.071429
138 208 0.071429
171 208 0.071429
252 208 0.071429
297 208 0.071429
85 208 0.071429
252 208 0.071429
297 208 0.071429
31 208 0.071429
96 208 0.071429
138 208 0.071429
171 208 0.071429
33 150 0.0625
65 150 0.0625
77 150 0.0625
118 150 0.0625
138 150 0.0625
189 150 0.0625
304 150 0.0625
305 150 0.0625
33 150 0.0625
77 150 0.0625
138 150 0.0625
65 150 0.0625
118 150 0.0625
305 150 0.0625
189 150 0.0625
304 150 0.0625
34 320 0.1
48 320 0.1
55 320 0.1
61 320 0.1
138 320 0.1
34 320 0.1
48 320 0.1
61 320 0.1
55 320 0.1
138 320 0.1
38 195 0.1
65 195 0.1
107 195 0.1
171 195 0.1
191 195 0.1
38 195 0.1
107 195 0.1
191 195 0.1
65 195 0.1
171 195 0.1
39 165 0.1
79 165 0.1
83 165 0.1
130 165 0.1
149 165 0.1
130 165 0.1
39 165 0.1
79 165 0.1
83 165 0.1
149 165 0.1
40 187 0.1
76 187 0.1
92 187 0.1
128 187 0.1
147 187 0.1
128 187 0.1
40 187 0.1
147 187 0.1
92 187 0.1
76 187 0.1
40 251 0.1
55 251 0.1
111 251 0.1
125 251 0.1
164 251 0.1
55 251 0.1
164 251 0.1
125 251 0.1
111 251 0.1
40 251 0.1
40 295 0.083333
49 295 0.083333
62 295 0.083333
72 295 0.083333
78 295 0.083333
314 295 0.083333
62 295 0.083333
72 295 0.083333
49 295 0.083333
78 295 0.083333
40 295 0.083333
314 295 0.083333
44 306 0.1
54 306 0.1
69 306 0.1
151 306 0.1
178 306 0.1
54 306 0.1
69 306 0.1
178 306 0.1
44 306 0.1
151 306 0.1
45 189 0.083333
48 189 0.083333
89 189 0.083333
104 189 0.083333
150 189 0.083333
265 189 0.083333
48 189 0.083333
45 189 0.083333
89 189 0.083333
104 189 0.083333
265 189 0.083333
150 189 0.083333
45 300 0.1
48 300 0.1
65 300 0.1
119 300 0.1
156 300 0.1
48 300 0.1
45 300 0.1
119 300 0.1
65 300 0.1
156 300 0.1
46 249 0.1
53 249 0.1
113 249 0.1
176 249 0.1
214 249 0.1
46 249 0.1
53 249 0.1
176 249 0.1
113 249 0.1
214 249 0.1
46 270 0.1
86 270 0.1
97 270 0.1
137 270 0.1
235 270 0.1
46 270 0.1
97 270 0.1
235 270 0.1
137 270 0.1
86 270 0.1
48 273 0.083333
111 273 0.083333
119 273 0.083333
144 273 0.083333
213 273 0.083333
317 273 0.083333
48 273 0.083333
144 273 0.083333
213 273 0.083333
119 273 0.083333
111 273 0.083333
317 273 0.083333
48 304 0.1
115 304 0.1
150 304 0.1
230 304 0.1
237 304 0.1
48 304 0.1
115 304 0.1
230 304 0.1
237 304 0.1
150 304 0.1
50 153 0.083333
57 153 0.083333
129 153 0.083333
149 153 0.083333
151 153 0.083333
290 153 0.083333
50 153 0.083333
57 153 0.083333
129 153 0.083333
149 153 0.083333
151 153 0.083333
290 153 0.083333
50 281 0.1
56 281 0.1
109 281 0.1
136 281 0.1
267 281 0.1
50 281 0.1
109 281 0.1
267 281 0.1
56 281 0.1
136 281 0.1
52 151 0.05
81 151 0.05
86 151 0.05
119 151 0.05
129 151 0.05
153 151 0.05
159 151 0.05
306 151 0.05
310 151 0.05
326 151 0.05
52 151 0.05
129 151 0.05
119 151 0.05
159 151 0.05
81 151 0.05
86 151 0.05
310 151 0.05
306 151 0.05
153 151 0.05
326 151 0.05
56 288 0.1
85 288 0.1
113 288 0.1
115 288 0.1
198 288 0.1
115 288 0.1
85 288 0.1
113 288 0.1
56 288 0.1
198 288 0.1
57 171 0.0625
72 171 0.0625
97 171 0.0625
106 171 0.0625
119 171 0.0625
195 171 0.0625
208 171 0.0625
227 171 0.0625
72 171 0.0625
57 171 0.0625
97 171 0.0625
106 171 0.0625
119 171 0.0625
227 171 0.0625
208 171 0.0625
195 171 0.0625
60 294 0.1
68 294 0.1
124 294 0.1
144 294 0.1
154 294 0.1
144 294 0.1
60 294 0.1
154 294 0.1
68 294 0.1
124 294 0.1
63 261 0.1
65 261 0.1
115 261 0.1
119 261 0.1
213 261 0.1
115 261 0.1
213 261 0.1
119 261 0.1
63 261 0.1
65 261 0.1
74 326 0.1
98 326 0.1
151 326 0.1
264 326 0.1
293 326 0.1
98 326 0.1
264 326 0.1
293 326 0.1
74 326 0.1
151 326 0.1
76 315 0.1
90 315 0.1
161 315 0.1
201 315 0.1
263 315 0.1
201 315 0.1
161 315 0.1
90 315 0.1
76 315 0.1
263 315 0.1
95 219 0.083333
107 219 0.083333
130 219 0.083333
169 219 0.083333
212 219 0.083333
324 219 0.083333
107 219 0.083333
130 219 0.083333
212 219 0.083333
95 219 0.083333
324 219 0.083333
169 219 0.083333
110 254 0.083333
116 254 0.083333
143 254 0.083333
175 254 0.083333
224 254 0.083333
311 254 0.083333
143 254 0.083333
311 254 0.083333
110 254 0.083333
224 254 0.083333
116 254 0.083333
175 254 0.083333
153 290 0.071429
204 290 0.071429
212 290 0.071429
227 290 0.071429
232 290 0.071429
302 290 0.071429
305 290 0.071429
212 290 0.071429
302 290 0.071429
227 290 0.071429
204 290 0.071429
232 290 0.071429
305 290 0.071429
153 290 0.071429
154 318 0.083333
174 318 0.083333
193 318 0.083333
197 318 0.083333
206 318 0.083333
323 318 0.083333
193 318 0.083333
206 318 0.083333
197 318 0.083333
154 318 0.083333
174 318 0.083333
323 318 0.083333
1 0 0.007812
2 0 0.007812
3 0 0.007812
4 0 0.007812
5 0 0.007812
6 0 0.007812
7 0 0.007812
9 0 0.007812
10 0 0.007812
12 0 0.007812
13 0 0.007812
14 0 0.007812
16 0 0.007812
17 0 0.007812
18 0 0.007812
19 0 0.007812
20 0 0.007812
21 0 0.007812
22 0 0.007812
25 0 0.007812
28 0 0.007812
33 0 0.007812
34 0 0.007812
38 0 0.007812
41 0 0.007812
46 0 0.007812
48 0 0.007812
50 0 0.007812
54 0 0.007812
58 0 0.007812
61 0 0.007812
62 0 0.007812
66 0 0.007812
67 0 0.007812
72 0 0.007812
82 0 0.007812
84 0 0.007812
102 0 0.007812
107 0 0.007812
122 0 0.007812
128 0 0.007812
130 0 0.007812
133 0 0.007812
139 0 0.007812
140 0 0.007812
144 0 0.007812
148 0 0.007812
152 0 0.007812
160 0 0.007812
173 0 0.007812
181 0 0.007812
191 0 0.007812
193 0 0.007812
199 0 0.007812
201 0 0.007812
212 0 0.007812
216 0 0.007812
244 0 0.007812
253 0 0.007812
268 0 0.007812
272 0 0.007812
280 0 0.007812
286 0 0.007812
302 0 0.007812
1 0 0.007812
2 0 0.007812
3 0 0.007812
4 0 0.007812
5 0 0.007812
6 0 0.007812
7 0 0.007812
9 0 0.007812
10 0 0.007812
12 0 0.007812
13 0 0.007812
14 0 0.007812
16 0 0.007812
17 0 0.007812
18 0 0.007812
19 0 0.007812
20 0 0.007812
21 0 0.007812
22 0 0.007812
25 0 0.007812
28 0 0.007812
33 0 0.007812
34 0 0.007812
38 0 0.007812
41 0 0.007812
46 0 0.007812
48 0 0.007812
50 0 0.007812
54 0 0.007812
58 0 0.007812
61 0 0.007812
62 0 0.007812
66 0 0.007812
67 0 0.007812
72 0 0.007812
82 0 0.007812
84 0 0.007812
102 0 0.007812
107 0 0.007812
122 0 0.007812
128 0 0.007812
130 0 0.007812
133 0 0.007812
139 0 0.007812
140 0 0.007812
144 0 0.007812
148 0 0.007812
152 0 0.007812
160 0 0.007812
173 0 0.007812
181 0 0.007812
191 0 0.007812
193 0 0.007812
199 0 0.007812
201 0 0.007812
212 0 0.007812
216 0 0.007812
244 0 0.007812
253 0 0.007812
268 0 0.007812
272 0 0.007812
280 0 0.007812
286 0 0.007812
302 0 0.007812
