0 5 0.009615
1 5 0.009615
2 5 0.009615
3 5 0.009615
4 5 0.009615
6 5 0.009615
7 5 0.009615
8 5 0.009615
9 5 0.009615
10 5 0.009615
12 5 0.009615
20 5 0.009615
25 5 0.009615
26 5 0.009615
42 5 0.009615
43 5 0.009615
44 5 0.009615
57 5 0.009615
66 5 0.009615
68 5 0.009615
73 5 0.009615
86 5 0.009615
90 5 0.009615
91 5 0.009615
113 5 0.009615
115 5 0.009615
118 5 0.009615
141 5 0.009615
149 5 0.009615
160 5 0.009615
163 5 0.009615
182 5 0.009615
198 5 0.009615
205 5 0.009615
215 5 0.009615
220 5 0.009615
221 5 0.009615
233 5 0.009615
237 5 0.009615
241 5 0.009615
249 5 0.009615
266 5 0.009615
275 5 0.009615
285 5 0.009615
287 5 0.009615
288 5 0.009615
300 5 0.009615
320 5 0.009615
326 5 0.009615
337 5 0.009615
339 5 0.009615
340 5 0.009615
6 5 0.009615
7 5 0.009615
25 5 0.009615
43 5 0.009615
44 5 0.009615
68 5 0.009615
8 5 0.009615
9 5 0.009615
285 5 0.009615
288 5 0.009615
20 5 0.009615
90 5 0.009615
113 5 0.009615
198 5 0.009615
221 5 0.009615
237 5 0.009615
10 5 0.009615
12 5 0.009615
42 5 0.009615
73 5 0.009615
115 5 0.009615
266 5 0.009615
26 5 0.009615
57 5 0.009615
66 5 0.009615
86 5 0.009615
91 5 0.009615
118 5 0.009615
141 5 0.009615
149 5 0.009615
160 5 0.009615
163 5 0.009615
182 5 0.009615
205 5 0.009615
215 5 0.009615
220 5 0.009615
233 5 0.009615
241 5 0.009615
249 5 0.009615
275 5 0.009615
287 5 0.009615
300 5 0.009615
320 5 0.009615
326 5 0.009615
337 5 0.009615
339 5 0.009615
340 5 0.009615
0 5 0.009615
1 5 0.009615
2 5 0.009615
3 5 0.009615
4 5 0.009615
0 6 0.007246
1 6 0.007246
2 6 0.007246
4 6 0.007246
5 6 0.007246
7 6 0.007246
8 6 0.007246
9 6 0.007246
11 6 0.007246
12 6 0.007246
13 6 0.007246
14 6 0.007246
15 6 0.007246
16 6 0.007246
18 6 0.007246
21 6 0.007246
26 6 0.007246
27 6 0.007246
28 6 0.007246
32 6 0.007246
33 6 0.007246
36 6 0.007246
38 6 0.007246
42 6 0.007246
45 6 0.007246
55 6 0.007246
58 6 0.007246
65 6 0.007246
72 6 0.007246
75 6 0.007246
76 6 0.007246
77 6 0.007246
78 6 0.007246
79 6 0.007246
80 6 0.007246
84 6 0.007246
86 6 0.007246
102 6 0.007246
104 6 0.007246
107 6 0.007246
110 6 0.007246
126 6 0.007246
139 6 0.007246
151 6 0.007246
152 6 0.007246
157 6 0.007246
159 6 0.007246
171 6 0.007246
179 6 0.007246
189 6 0.007246
193 6 0.007246
196 6 0.007246
197 6 0.007246
199 6 0.007246
201 6 0.007246
213 6 0.007246
223 6 0.007246
227 6 0.007246
228 6 0.007246
235 6 0.007246
240 6 0.007246
259 6 0.007246
280 6 0.007246
284 6 0.007246
290 6 0.007246
307 6 0.007246
317 6 0.007246
329 6 0.007246
338 6 0.007246
5 6 0.007246
7 6 0.007246
15 6 0.007246
28 6 0.007246
79 6 0.007246
259 6 0.007246
329 6 0.007246
8 6 0.007246
9 6 0.007246
16 6 0.007246
18 6 0.007246
27 6 0.007246
139 6 0.007246
13 6 0.007246
21 6 0.007246
36 6 0.007246
159 6 0.007246
228 6 0.007246
284 6 0.007246
11 6 0.007246
12 6 0.007246
14 6 0.007246
42 6 0.007246
197 6 0.007246
223 6 0.007246
26 6 0.007246
86 6 0.007246
32 6 0.007246
33 6 0.007246
38 6 0.007246
45 6 0.007246
55 6 0.007246
58 6 0.007246
65 6 0.007246
72 6 0.007246
75 6 0.007246
76 6 0.007246
77 6 0.007246
78 6 0.007246
80 6 0.007246
84 6 0.007246
102 6 0.007246
104 6 0.007246
107 6 0.007246
110 6 0.007246
126 6 0.007246
151 6 0.007246
152 6 0.007246
157 6 0.007246
171 6 0.007246
179 6 0.007246
189 6 0.007246
193 6 0.007246
196 6 0.007246
199 6 0.007246
201 6 0.007246
213 6 0.007246
227 6 0.007246
235 6 0.007246
240 6 0.007246
280 6 0.007246
290 6 0.007246
307 6 0.007246
317 6 0.007246
338 6 0.007246
0 6 0.007246
1 6 0.007246
2 6 0.007246
4 6 0.007246
0 7 0.016129
2 7 0.016129
3 7 0.016129
5 7 0.016129
6 7 0.016129
8 7 0.016129
10 7 0.016129
11 7 0.016129
22 7 0.016129
24 7 0.016129
25 7 0.016129
30 7 0.016129
31 7 0.016129
34 7 0.016129
39 7 0.016129
45 7 0.016129
49 7 0.016129
51 7 0.016129
74 7 0.016129
83 7 0.016129
89 7 0.016129
93 7 0.016129
111 7 0.016129
181 7 0.016129
195 7 0.016129
220 7 0.016129
234 7 0.016129
236 7 0.016129
261 7 0.016129
279 7 0.016129
299 7 0.016129
5 7 0.016129
6 7 0.016129
25 7 0.016129
89 7 0.016129
8 7 0.016129
22 7 0.016129
24 7 0.016129
10 7 0.016129
11 7 0.016129
51 7 0.016129
74 7 0.016129
220 7 0.016129
45 7 0.016129
30 7 0.016129
31 7 0.016129
34 7 0.016129
39 7 0.016129
49 7 0.016129
83 7 0.016129
93 7 0.016129
111 7 0.016129
181 7 0.016129
195 7 0.016129
234 7 0.016129
236 7 0.016129
261 7 0.016129
279 7 0.016129
299 7 0.016129
0 7 0.016129
2 7 0.016129
3 7 0.016129
0 15 0.03125
6 15 0.03125
8 15 0.03125
11 15 0.03125
13 15 0.03125
23 15 0.03125
43 15 0.03125
55 15 0.03125
65 15 0.03125
107 15 0.03125
152 15 0.03125
166 15 0.03125
200 15 0.03125
214 15 0.03125
261 15 0.03125
306 15 0.03125
6 15 0.03125
43 15 0.03125
214 15 0.03125
306 15 0.03125
8 15 0.03125
13 15 0.03125
166 15 0.03125
11 15 0.03125
200 15 0.03125
55 15 0.03125
65 15 0.03125
107 15 0.03125
152 15 0.03125
261 15 0.03125
23 15 0.03125
0 15 0.03125
0 17 0.033333
9 17 0.033333
10 17 0.033333
14 17 0.033333
16 17 0.033333
24 17 0.033333
32 17 0.033333
40 17 0.033333
73 17 0.033333
121 17 0.033333
145 17 0.033333
155 17 0.033333
184 17 0.033333
188 17 0.033333
235 17 0.033333
9 17 0.033333
16 17 0.033333
24 17 0.033333
121 17 0.033333
10 17 0.033333
14 17 0.033333
73 17 0.033333
32 17 0.033333
235 17 0.033333
145 17 0.033333
40 17 0.033333
188 17 0.033333
155 17 0.033333
184 17 0.033333
0 17 0.033333
0 25 0.014286
5 25 0.014286
7 25 0.014286
9 25 0.014286
21 25 0.014286
27 25 0.014286
36 25 0.014286
41 25 0.014286
47 25 0.014286
50 25 0.014286
54 25 0.014286
56 25 0.014286
70 25 0.014286
76 25 0.014286
82 25 0.014286
92 25 0.014286
107 25 0.014286
122 25 0.014286
124 25 0.014286
143 25 0.014286
152 25 0.014286
155 25 0.014286
176 25 0.014286
182 25 0.014286
203 25 0.014286
205 25 0.014286
208 25 0.014286
221 25 0.014286
231 25 0.014286
251 25 0.014286
291 25 0.014286
300 25 0.014286
301 25 0.014286
302 25 0.014286
305 25 0.014286
5 25 0.014286
7 25 0.014286
50 25 0.014286
291 25 0.014286
9 25 0.014286
27 25 0.014286
41 25 0.014286
47 25 0.014286
54 25 0.014286
21 25 0.014286
36 25 0.014286
302 25 0.014286
221 25 0.014286
182 25 0.014286
205 25 0.014286
300 25 0.014286
76 25 0.014286
107 25 0.014286
152 25 0.014286
56 25 0.014286
82 25 0.014286
143 25 0.014286
231 25 0.014286
122 25 0.014286
92 25 0.014286
301 25 0.014286
305 25 0.014286
155 25 0.014286
70 25 0.014286
124 25 0.014286
176 25 0.014286
203 25 0.014286
208 25 0.014286
251 25 0.014286
0 25 0.014286
0 28 0.033333
2 28 0.033333
6 28 0.033333
8 28 0.033333
9 28 0.033333
40 28 0.033333
86 28 0.033333
124 28 0.033333
146 28 0.033333
186 28 0.033333
210 28 0.033333
222 28 0.033333
254 28 0.033333
269 28 0.033333
334 28 0.033333
6 28 0.033333
8 28 0.033333
9 28 0.033333
86 28 0.033333
40 28 0.033333
146 28 0.033333
269 28 0.033333
186 28 0.033333
124 28 0.033333
210 28 0.033333
222 28 0.033333
254 28 0.033333
334 28 0.033333
0 28 0.033333
2 28 0.033333
0 43 0.027778
5 43 0.027778
8 43 0.027778
15 43 0.027778
16 43 0.027778
58 43 0.027778
60 43 0.027778
68 43 0.027778
88 43 0.027778
99 43 0.027778
116 43 0.027778
127 43 0.027778
148 43 0.027778
215 43 0.027778
216 43 0.027778
273 43 0.027778
284 43 0.027778
310 43 0.027778
5 43 0.027778
15 43 0.027778
60 43 0.027778
68 43 0.027778
216 43 0.027778
8 43 0.027778
16 43 0.027778
99 43 0.027778
273 43 0.027778
284 43 0.027778
215 43 0.027778
58 43 0.027778
310 43 0.027778
148 43 0.027778
127 43 0.027778
88 43 0.027778
116 43 0.027778
0 43 0.027778
0 44 0.035714
3 44 0.035714
5 44 0.035714
9 44 0.035714
42 44 0.035714
58 44 0.035714
101 44 0.035714
169 44 0.035714
224 44 0.035714
255 44 0.035714
267 44 0.035714
300 44 0.035714
310 44 0.035714
311 44 0.035714
5 44 0.035714
9 44 0.035714
101 44 0.035714
42 44 0.035714
300 44 0.035714
58 44 0.035714
169 44 0.035714
310 44 0.035714
311 44 0.035714
224 44 0.035714
255 44 0.035714
267 44 0.035714
0 44 0.035714
3 44 0.035714
0 48 0.026316
13 48 0.026316
19 48 0.026316
39 48 0.026316
42 48 0.026316
60 48 0.026316
61 48 0.026316
64 48 0.026316
80 48 0.026316
91 48 0.026316
108 48 0.026316
121 48 0.026316
142 48 0.026316
145 48 0.026316
162 48 0.026316
233 48 0.026316
248 48 0.026316
305 48 0.026316
339 48 0.026316
60 48 0.026316
19 48 0.026316
64 48 0.026316
13 48 0.026316
121 48 0.026316
42 48 0.026316
91 48 0.026316
233 48 0.026316
339 48 0.026316
80 48 0.026316
39 48 0.026316
142 48 0.026316
145 48 0.026316
248 48 0.026316
162 48 0.026316
305 48 0.026316
61 48 0.026316
108 48 0.026316
0 48 0.026316
0 50 0.041667
21 50 0.041667
24 50 0.041667
25 50 0.041667
27 50 0.041667
67 50 0.041667
70 50 0.041667
106 50 0.041667
108 50 0.041667
169 50 0.041667
173 50 0.041667
311 50 0.041667
25 50 0.041667
67 50 0.041667
24 50 0.041667
27 50 0.041667
173 50 0.041667
21 50 0.041667
169 50 0.041667
106 50 0.041667
311 50 0.041667
70 50 0.041667
108 50 0.041667
0 50 0.041667
0 52 0.055556
2 52 0.055556
10 52 0.055556
18 52 0.055556
21 52 0.055556
112 52 0.055556
162 52 0.055556
286 52 0.055556
302 52 0.055556
18 52 0.055556
21 52 0.055556
302 52 0.055556
10 52 0.055556
162 52 0.055556
286 52 0.055556
112 52 0.055556
0 52 0.055556
2 52 0.055556
0 60 0.041667
12 60 0.041667
27 60 0.041667
43 60 0.041667
48 60 0.041667
94 60 0.041667
139 60 0.041667
142 60 0.041667
180 60 0.041667
218 60 0.041667
248 60 0.041667
314 60 0.041667
43 60 0.041667
48 60 0.041667
27 60 0.041667
139 60 0.041667
218 60 0.041667
12 60 0.041667
142 60 0.041667
248 60 0.041667
94 60 0.041667
314 60 0.041667
180 60 0.041667
0 60 0.041667
0 63 0.05
16 63 0.05
19 63 0.05
29 63 0.05
33 63 0.05
88 63 0.05
127 63 0.05
203 63 0.05
220 63 0.05
274 63 0.05
16 63 0.05
19 63 0.05
29 63 0.05
220 63 0.05
33 63 0.05
127 63 0.05
274 63 0.05
88 63 0.05
203 63 0.05
0 63 0.05
0 67 0.05
9 67 0.05
37 67 0.05
49 67 0.05
50 67 0.05
70 67 0.05
87 67 0.05
135 67 0.05
144 67 0.05
192 67 0.05
50 67 0.05
9 67 0.05
135 67 0.05
49 67 0.05
87 67 0.05
37 67 0.05
144 67 0.05
192 67 0.05
70 67 0.05
0 67 0.05
0 68 0.083333
1 68 0.083333
5 68 0.083333
16 68 0.083333
43 68 0.083333
72 68 0.083333
5 68 0.083333
43 68 0.083333
16 68 0.083333
72 68 0.083333
0 68 0.083333
1 68 0.083333
0 79 0.041667
6 79 0.041667
12 79 0.041667
18 79 0.041667
77 79 0.041667
120 79 0.041667
131 79 0.041667
190 79 0.041667
193 79 0.041667
240 79 0.041667
264 79 0.041667
299 79 0.041667
6 79 0.041667
120 79 0.041667
18 79 0.041667
131 79 0.041667
190 79 0.041667
12 79 0.041667
77 79 0.041667
193 79 0.041667
240 79 0.041667
299 79 0.041667
264 79 0.041667
0 79 0.041667
0 81 0.033333
1 81 0.033333
19 81 0.033333
49 81 0.033333
66 81 0.033333
84 81 0.033333
95 81 0.033333
125 81 0.033333
158 81 0.033333
175 81 0.033333
201 81 0.033333
235 81 0.033333
236 81 0.033333
331 81 0.033333
341 81 0.033333
95 81 0.033333
19 81 0.033333
175 81 0.033333
66 81 0.033333
84 81 0.033333
201 81 0.033333
235 81 0.033333
49 81 0.033333
236 81 0.033333
125 81 0.033333
158 81 0.033333
341 81 0.033333
331 81 0.033333
0 81 0.033333
1 81 0.033333
0 89 0.035714
3 89 0.035714
7 89 0.035714
8 89 0.035714
72 89 0.035714
103 89 0.035714
165 89 0.035714
213 89 0.035714
254 89 0.035714
275 89 0.035714
295 89 0.035714
309 89 0.035714
322 89 0.035714
333 89 0.035714
7 89 0.035714
333 89 0.035714
8 89 0.035714
275 89 0.035714
72 89 0.035714
213 89 0.035714
295 89 0.035714
309 89 0.035714
322 89 0.035714
103 89 0.035714
254 89 0.035714
165 89 0.035714
0 89 0.035714
3 89 0.035714
0 95 0.0625
13 95 0.0625
31 95 0.0625
80 95 0.0625
81 95 0.0625
237 95 0.0625
253 95 0.0625
272 95 0.0625
81 95 0.0625
13 95 0.0625
237 95 0.0625
80 95 0.0625
31 95 0.0625
272 95 0.0625
253 95 0.0625
0 95 0.0625
0 98 0.05
21 98 0.05
76 98 0.05
94 98 0.05
96 98 0.05
156 98 0.05
170 98 0.05
178 98 0.05
219 98 0.05
322 98 0.05
96 98 0.05
21 98 0.05
178 98 0.05
76 98 0.05
322 98 0.05
219 98 0.05
94 98 0.05
170 98 0.05
156 98 0.05
0 98 0.05
0 120 0.05
19 120 0.05
30 120 0.05
57 120 0.05
79 120 0.05
150 120 0.05
167 120 0.05
234 120 0.05
271 120 0.05
316 120 0.05
79 120 0.05
19 120 0.05
316 120 0.05
57 120 0.05
30 120 0.05
234 120 0.05
150 120 0.05
167 120 0.05
271 120 0.05
0 120 0.05
0 140 0.083333
18 140 0.083333
77 140 0.083333
128 140 0.083333
135 140 0.083333
221 140 0.083333
18 140 0.083333
128 140 0.083333
135 140 0.083333
221 140 0.083333
77 140 0.083333
0 140 0.083333
0 161 0.05
2 161 0.05
26 161 0.05
74 161 0.05
76 161 0.05
180 161 0.05
208 161 0.05
211 161 0.05
250 161 0.05
279 161 0.05
211 161 0.05
74 161 0.05
26 161 0.05
76 161 0.05
279 161 0.05
250 161 0.05
208 161 0.05
180 161 0.05
0 161 0.05
2 161 0.05
0 211 0.083333
26 211 0.083333
59 211 0.083333
161 211 0.083333
183 211 0.083333
223 211 0.083333
161 211 0.083333
183 211 0.083333
59 211 0.083333
223 211 0.083333
26 211 0.083333
0 211 0.083333
0 214 0.083333
15 214 0.083333
18 214 0.083333
99 214 0.083333
115 214 0.083333
317 214 0.083333
15 214 0.083333
18 214 0.083333
99 214 0.083333
115 214 0.083333
317 214 0.083333
0 214 0.083333
0 216 0.083333
43 216 0.083333
66 216 0.083333
90 216 0.083333
151 216 0.083333
336 216 0.083333
43 216 0.083333
90 216 0.083333
66 216 0.083333
151 216 0.083333
336 216 0.083333
0 216 0.083333
0 258 0.071429
94 258 0.071429
185 258 0.071429
188 258 0.071429
222 258 0.071429
293 258 0.071429
323 258 0.071429
185 258 0.071429
188 258 0.071429
293 258 0.071429
94 258 0.071429
222 258 0.071429
323 258 0.071429
0 258 0.071429
0 259 0.083333
6 259 0.083333
21 259 0.083333
40 259 0.083333
176 259 0.083333
329 259 0.083333
6 259 0.083333
329 259 0.083333
21 259 0.083333
40 259 0.083333
176 259 0.083333
0 259 0.083333
0 291 0.1
25 291 0.1
47 291 0.1
84 291 0.1
286 291 0.1
25 291 0.1
47 291 0.1
84 291 0.1
286 291 0.1
0 291 0.1
0 306 0.1
15 306 0.1
20 306 0.1
77 306 0.1
149 306 0.1
15 306 0.1
20 306 0.1
149 306 0.1
77 306 0.1
0 306 0.1
0 329 0.1
4 329 0.1
6 329 0.1
248 329 0.1
259 329 0.1
6 329 0.1
259 329 0.1
248 329 0.1
0 329 0.1
4 329 0.1
0 333 0.1
89 333 0.1
151 333 0.1
219 333 0.1
257 333 0.1
89 333 0.1
257 333 0.1
151 333 0.1
219 333 0.1
0 333 0.1
1 8 0.009615
3 8 0.009615
5 8 0.009615
6 8 0.009615
7 8 0.009615
9 8 0.009615
10 8 0.009615
14 8 0.009615
15 8 0.009615
18 8 0.009615
19 8 0.009615
20 8 0.009615
26 8 0.009615
27 8 0.009615
28 8 0.009615
34 8 0.009615
35 8 0.009615
36 8 0.009615
41 8 0.009615
42 8 0.009615
43 8 0.009615
49 8 0.009615
56 8 0.009615
82 8 0.009615
87 8 0.009615
89 8 0.009615
97 8 0.009615
104 8 0.009615
111 8 0.009615
119 8 0.009615
125 8 0.009615
126 8 0.009615
135 8 0.009615
138 8 0.009615
142 8 0.009615
143 8 0.009615
145 8 0.009615
158 8 0.009615
163 8 0.009615
174 8 0.009615
198 8 0.009615
204 8 0.009615
205 8 0.009615
225 8 0.009615
229 8 0.009615
231 8 0.009615
246 8 0.009615
265 8 0.009615
295 8 0.009615
303 8 0.009615
309 8 0.009615
316 8 0.009615
5 8 0.009615
6 8 0.009615
7 8 0.009615
15 8 0.009615
28 8 0.009615
43 8 0.009615
89 8 0.009615
9 8 0.009615
18 8 0.009615
19 8 0.009615
27 8 0.009615
41 8 0.009615
225 8 0.009615
246 8 0.009615
20 8 0.009615
36 8 0.009615
35 8 0.009615
135 8 0.009615
198 8 0.009615
316 8 0.009615
10 8 0.009615
14 8 0.009615
42 8 0.009615
26 8 0.009615
163 8 0.009615
205 8 0.009615
104 8 0.009615
126 8 0.009615
34 8 0.009615
49 8 0.009615
111 8 0.009615
56 8 0.009615
82 8 0.009615
87 8 0.009615
97 8 0.009615
119 8 0.009615
125 8 0.009615
138 8 0.009615
142 8 0.009615
143 8 0.009615
145 8 0.009615
158 8 0.009615
174 8 0.009615
204 8 0.009615
229 8 0.009615
231 8 0.009615
265 8 0.009615
295 8 0.009615
303 8 0.009615
309 8 0.009615
1 8 0.009615
3 8 0.009615
1 9 0.009804
2 9 0.009804
5 9 0.009804
6 9 0.009804
8 9 0.009804
10 9 0.009804
11 9 0.009804
12 9 0.009804
13 9 0.009804
14 9 0.009804
17 9 0.009804
22 9 0.009804
25 9 0.009804
28 9 0.009804
31 9 0.009804
33 9 0.009804
37 9 0.009804
38 9 0.009804
40 9 0.009804
44 9 0.009804
45 9 0.009804
46 9 0.009804
49 9 0.009804
56 9 0.009804
57 9 0.009804
58 9 0.009804
67 9 0.009804
75 9 0.009804
85 9 0.009804
87 9 0.009804
96 9 0.009804
99 9 0.009804
100 9 0.009804
102 9 0.009804
114 9 0.009804
117 9 0.009804
122 9 0.009804
129 9 0.009804
132 9 0.009804
137 9 0.009804
158 9 0.009804
190 9 0.009804
193 9 0.009804
194 9 0.009804
197 9 0.009804
204 9 0.009804
236 9 0.009804
241 9 0.009804
250 9 0.009804
287 9 0.009804
319 9 0.009804
5 9 0.009804
6 9 0.009804
17 9 0.009804
25 9 0.009804
28 9 0.009804
44 9 0.009804
67 9 0.009804
8 9 0.009804
22 9 0.009804
96 9 0.009804
99 9 0.009804
13 9 0.009804
194 9 0.009804
190 9 0.009804
10 9 0.009804
11 9 0.009804
12 9 0.009804
14 9 0.009804
46 9 0.009804
117 9 0.009804
197 9 0.009804
57 9 0.009804
241 9 0.009804
287 9 0.009804
33 9 0.009804
38 9 0.009804
45 9 0.009804
58 9 0.009804
75 9 0.009804
102 9 0.009804
193 9 0.009804
31 9 0.009804
49 9 0.009804
236 9 0.009804
56 9 0.009804
87 9 0.009804
158 9 0.009804
204 9 0.009804
37 9 0.009804
40 9 0.009804
85 9 0.009804
100 9 0.009804
114 9 0.009804
122 9 0.009804
129 9 0.009804
132 9 0.009804
137 9 0.009804
250 9 0.009804
319 9 0.009804
1 9 0.009804
2 9 0.009804
1 16 0.017857
2 16 0.017857
6 16 0.017857
11 16 0.017857
14 16 0.017857
17 16 0.017857
23 16 0.017857
31 16 0.017857
36 16 0.017857
37 16 0.017857
43 16 0.017857
49 16 0.017857
61 16 0.017857
63 16 0.017857
65 16 0.017857
68 16 0.017857
85 16 0.017857
97 16 0.017857
159 16 0.017857
181 16 0.017857
183 16 0.017857
199 16 0.017857
264 16 0.017857
270 16 0.017857
276 16 0.017857
279 16 0.017857
282 16 0.017857
312 16 0.017857
6 16 0.017857
17 16 0.017857
43 16 0.017857
63 16 0.017857
68 16 0.017857
36 16 0.017857
159 16 0.017857
183 16 0.017857
11 16 0.017857
14 16 0.017857
65 16 0.017857
199 16 0.017857
31 16 0.017857
49 16 0.017857
181 16 0.017857
279 16 0.017857
97 16 0.017857
37 16 0.017857
85 16 0.017857
312 16 0.017857
23 16 0.017857
61 16 0.017857
264 16 0.017857
270 16 0.017857
276 16 0.017857
282 16 0.017857
1 16 0.017857
2 16 0.017857
1 18 0.017241
2 18 0.017241
6 18 0.017241
8 18 0.017241
12 18 0.017241
21 18 0.017241
24 18 0.017241
26 18 0.017241
30 18 0.017241
41 18 0.017241
52 18 0.017241
77 18 0.017241
79 18 0.017241
110 18 0.017241
140 18 0.017241
143 18 0.017241
150 18 0.017241
169 18 0.017241
182 18 0.017241
214 18 0.017241
224 18 0.017241
232 18 0.017241
239 18 0.017241
246 18 0.017241
260 18 0.017241
269 18 0.017241
281 18 0.017241
340 18 0.017241
341 18 0.017241
6 18 0.017241
52 18 0.017241
79 18 0.017241
140 18 0.017241
214 18 0.017241
8 18 0.017241
24 18 0.017241
41 18 0.017241
246 18 0.017241
21 18 0.017241
12 18 0.017241
26 18 0.017241
182 18 0.017241
340 18 0.017241
77 18 0.017241
110 18 0.017241
30 18 0.017241
143 18 0.017241
150 18 0.017241
169 18 0.017241
224 18 0.017241
232 18 0.017241
239 18 0.017241
260 18 0.017241
269 18 0.017241
281 18 0.017241
341 18 0.017241
1 18 0.017241
2 18 0.017241
1 19 0.021739
2 19 0.021739
3 19 0.021739
4 19 0.021739
8 19 0.021739
35 19 0.021739
39 19 0.021739
48 19 0.021739
63 19 0.021739
81 19 0.021739
82 19 0.021739
101 19 0.021739
104 19 0.021739
120 19 0.021739
127 19 0.021739
131 19 0.021739
158 19 0.021739
172 19 0.021739
197 19 0.021739
274 19 0.021739
295 19 0.021739
316 19 0.021739
322 19 0.021739
48 19 0.021739
63 19 0.021739
81 19 0.021739
120 19 0.021739
8 19 0.021739
101 19 0.021739
35 19 0.021739
131 19 0.021739
316 19 0.021739
197 19 0.021739
104 19 0.021739
39 19 0.021739
82 19 0.021739
158 19 0.021739
295 19 0.021739
127 19 0.021739
172 19 0.021739
274 19 0.021739
322 19 0.021739
1 19 0.021739
2 19 0.021739
3 19 0.021739
4 19 0.021739
1 22 0.027778
2 22 0.027778
7 22 0.027778
9 22 0.027778
10 22 0.027778
23 22 0.027778
40 22 0.027778
51 22 0.027778
57 22 0.027778
69 22 0.027778
93 22 0.027778
118 22 0.027778
122 22 0.027778
134 22 0.027778
168 22 0.027778
188 22 0.027778
189 22 0.027778
226 22 0.027778
7 22 0.027778
9 22 0.027778
10 22 0.027778
51 22 0.027778
57 22 0.027778
118 22 0.027778
189 22 0.027778
93 22 0.027778
40 22 0.027778
122 22 0.027778
188 22 0.027778
23 22 0.027778
168 22 0.027778
134 22 0.027778
69 22 0.027778
226 22 0.027778
1 22 0.027778
2 22 0.027778
1 24 0.029412
2 24 0.029412
7 24 0.029412
17 24 0.029412
18 24 0.029412
30 24 0.029412
39 24 0.029412
50 24 0.029412
53 24 0.029412
69 24 0.029412
70 24 0.029412
88 24 0.029412
94 24 0.029412
103 24 0.029412
110 24 0.029412
195 24 0.029412
307 24 0.029412
7 24 0.029412
17 24 0.029412
50 24 0.029412
18 24 0.029412
53 24 0.029412
110 24 0.029412
307 24 0.029412
30 24 0.029412
39 24 0.029412
195 24 0.029412
103 24 0.029412
70 24 0.029412
69 24 0.029412
88 24 0.029412
94 24 0.029412
1 24 0.029412
2 24 0.029412
1 27 0.018519
4 27 0.018519
6 27 0.018519
8 27 0.018519
25 27 0.018519
29 27 0.018519
39 27 0.018519
49 27 0.018519
50 27 0.018519
60 27 0.018519
62 27 0.018519
83 27 0.018519
102 27 0.018519
109 27 0.018519
137 27 0.018519
141 27 0.018519
157 27 0.018519
176 27 0.018519
186 27 0.018519
196 27 0.018519
201 27 0.018519
212 27 0.018519
244 27 0.018519
247 27 0.018519
286 27 0.018519
313 27 0.018519
326 27 0.018519
6 27 0.018519
25 27 0.018519
50 27 0.018519
60 27 0.018519
8 27 0.018519
244 27 0.018519
29 27 0.018519
62 27 0.018519
141 27 0.018519
326 27 0.018519
102 27 0.018519
157 27 0.018519
196 27 0.018519
201 27 0.018519
39 27 0.018519
49 27 0.018519
83 27 0.018519
137 27 0.018519
212 27 0.018519
313 27 0.018519
186 27 0.018519
176 27 0.018519
109 27 0.018519
247 27 0.018519
286 27 0.018519
1 27 0.018519
4 27 0.018519
1 41 0.055556
2 41 0.055556
8 41 0.055556
18 41 0.055556
25 41 0.055556
204 41 0.055556
224 41 0.055556
301 41 0.055556
319 41 0.055556
25 41 0.055556
8 41 0.055556
18 41 0.055556
204 41 0.055556
319 41 0.055556
301 41 0.055556
224 41 0.055556
1 41 0.055556
2 41 0.055556
1 47 0.0625
20 47 0.0625
25 47 0.0625
29 47 0.0625
42 47 0.0625
64 47 0.0625
177 47 0.0625
291 47 0.0625
25 47 0.0625
291 47 0.0625
64 47 0.0625
20 47 0.0625
29 47 0.0625
42 47 0.0625
177 47 0.0625
1 47 0.0625
1 54 0.035714
4 54 0.035714
25 54 0.035714
26 54 0.035714
40 54 0.035714
64 54 0.035714
71 54 0.035714
129 54 0.035714
130 54 0.035714
156 54 0.035714
217 54 0.035714
224 54 0.035714
254 54 0.035714
256 54 0.035714
25 54 0.035714
64 54 0.035714
71 54 0.035714
256 54 0.035714
26 54 0.035714
40 54 0.035714
129 54 0.035714
217 54 0.035714
130 54 0.035714
224 54 0.035714
254 54 0.035714
156 54 0.035714
1 54 0.035714
4 54 0.035714
1 64 0.0625
21 64 0.0625
47 64 0.0625
48 64 0.0625
54 64 0.0625
93 64 0.0625
264 64 0.0625
322 64 0.0625
48 64 0.0625
47 64 0.0625
54 64 0.0625
21 64 0.0625
93 64 0.0625
264 64 0.0625
322 64 0.0625
1 64 0.0625
1 71 0.033333
10 71 0.033333
21 71 0.033333
38 71 0.033333
54 71 0.033333
75 71 0.033333
77 71 0.033333
135 71 0.033333
139 71 0.033333
156 71 0.033333
164 71 0.033333
179 71 0.033333
240 71 0.033333
275 71 0.033333
337 71 0.033333
54 71 0.033333
139 71 0.033333
21 71 0.033333
135 71 0.033333
10 71 0.033333
275 71 0.033333
337 71 0.033333
38 71 0.033333
75 71 0.033333
77 71 0.033333
179 71 0.033333
240 71 0.033333
164 71 0.033333
156 71 0.033333
1 71 0.033333
1 96 0.041667
9 96 0.041667
13 96 0.041667
42 96 0.041667
91 96 0.041667
98 96 0.041667
123 96 0.041667
132 96 0.041667
192 96 0.041667
238 96 0.041667
245 96 0.041667
264 96 0.041667
98 96 0.041667
9 96 0.041667
123 96 0.041667
13 96 0.041667
42 96 0.041667
91 96 0.041667
132 96 0.041667
192 96 0.041667
245 96 0.041667
264 96 0.041667
238 96 0.041667
1 96 0.041667
1 99 0.0625
4 99 0.0625
9 99 0.0625
43 99 0.0625
92 99 0.0625
210 99 0.0625
214 99 0.0625
317 99 0.0625
43 99 0.0625
214 99 0.0625
9 99 0.0625
317 99 0.0625
92 99 0.0625
210 99 0.0625
1 99 0.0625
4 99 0.0625
1 101 0.1
19 101 0.1
44 101 0.1
56 101 0.1
84 101 0.1
44 101 0.1
19 101 0.1
84 101 0.1
56 101 0.1
1 101 0.1
1 105 0.035714
3 105 0.035714
37 105 0.035714
55 105 0.035714
57 105 0.035714
112 105 0.035714
113 105 0.035714
133 105 0.035714
199 105 0.035714
236 105 0.035714
245 105 0.035714
247 105 0.035714
279 105 0.035714
330 105 0.035714
113 105 0.035714
330 105 0.035714
57 105 0.035714
55 105 0.035714
199 105 0.035714
236 105 0.035714
279 105 0.035714
37 105 0.035714
245 105 0.035714
247 105 0.035714
133 105 0.035714
112 105 0.035714
1 105 0.035714
3 105 0.035714
1 123 0.055556
4 123 0.055556
14 123 0.055556
42 123 0.055556
96 123 0.055556
206 123 0.055556
246 123 0.055556
260 123 0.055556
312 123 0.055556
96 123 0.055556
246 123 0.055556
14 123 0.055556
42 123 0.055556
312 123 0.055556
260 123 0.055556
206 123 0.055556
1 123 0.055556
4 123 0.055556
1 128 0.041667
14 128 0.041667
51 128 0.041667
75 128 0.041667
94 128 0.041667
140 128 0.041667
180 128 0.041667
208 128 0.041667
229 128 0.041667
252 128 0.041667
297 128 0.041667
315 128 0.041667
140 128 0.041667
14 128 0.041667
51 128 0.041667
75 128 0.041667
229 128 0.041667
252 128 0.041667
94 128 0.041667
208 128 0.041667
297 128 0.041667
180 128 0.041667
315 128 0.041667
1 128 0.041667
1 139 0.071429
6 139 0.071429
23 139 0.071429
60 139 0.071429
71 139 0.071429
255 139 0.071429
308 139 0.071429
6 139 0.071429
60 139 0.071429
71 139 0.071429
308 139 0.071429
23 139 0.071429
255 139 0.071429
1 139 0.071429
1 147 0.05
4 147 0.05
31 147 0.05
51 147 0.05
114 147 0.05
153 147 0.05
227 147 0.05
272 147 0.05
286 147 0.05
299 147 0.05
51 147 0.05
227 147 0.05
31 147 0.05
299 147 0.05
114 147 0.05
272 147 0.05
286 147 0.05
153 147 0.05
1 147 0.05
4 147 0.05
1 173 0.083333
50 173 0.083333
62 173 0.083333
149 173 0.083333
157 173 0.083333
206 173 0.083333
50 173 0.083333
62 173 0.083333
149 173 0.083333
157 173 0.083333
206 173 0.083333
1 173 0.083333
1 187 0.083333
2 187 0.083333
14 187 0.083333
90 187 0.083333
117 187 0.083333
202 187 0.083333
202 187 0.083333
90 187 0.083333
14 187 0.083333
117 187 0.083333
1 187 0.083333
2 187 0.083333
1 225 0.083333
8 225 0.083333
86 225 0.083333
97 225 0.083333
185 225 0.083333
326 225 0.083333
8 225 0.083333
185 225 0.083333
86 225 0.083333
326 225 0.083333
97 225 0.083333
1 225 0.083333
1 246 0.1
8 246 0.1
10 246 0.1
18 246 0.1
123 246 0.1
8 246 0.1
18 246 0.1
123 246 0.1
10 246 0.1
1 246 0.1
1 273 0.1
43 273 0.1
55 273 0.1
124 273 0.1
143 273 0.1
43 273 0.1
55 273 0.1
143 273 0.1
124 273 0.1
1 273 0.1
1 285 0.1
5 285 0.1
144 285 0.1
148 285 0.1
163 285 0.1
5 285 0.1
163 285 0.1
144 285 0.1
148 285 0.1
1 285 0.1
1 288 0.1
5 288 0.1
65 288 0.1
150 288 0.1
196 288 0.1
5 288 0.1
65 288 0.1
196 288 0.1
150 288 0.1
1 288 0.1
1 298 0.1
2 298 0.1
137 298 0.1
196 298 0.1
237 298 0.1
237 298 0.1
196 298 0.1
137 298 0.1
1 298 0.1
2 298 0.1
1 325 0.1
10 325 0.1
32 325 0.1
53 325 0.1
218 325 0.1
53 325 0.1
218 325 0.1
10 325 0.1
32 325 0.1
1 325 0.1
2 13 0.017857
4 13 0.017857
6 13 0.017857
9 13 0.017857
11 13 0.017857
15 13 0.017857
23 13 0.017857
29 13 0.017857
32 13 0.017857
48 13 0.017857
59 13 0.017857
61 13 0.017857
78 13 0.017857
91 13 0.017857
93 13 0.017857
95 13 0.017857
96 13 0.017857
118 13 0.017857
125 13 0.017857
148 13 0.017857
164 13 0.017857
166 13 0.017857
168 13 0.017857
191 13 0.017857
192 13 0.017857
245 13 0.017857
261 13 0.017857
336 13 0.017857
6 13 0.017857
15 13 0.017857
48 13 0.017857
95 13 0.017857
9 13 0.017857
96 13 0.017857
166 13 0.017857
11 13 0.017857
29 13 0.017857
59 13 0.017857
191 13 0.017857
91 13 0.017857
118 13 0.017857
32 13 0.017857
78 13 0.017857
93 13 0.017857
261 13 0.017857
125 13 0.017857
23 13 0.017857
61 13 0.017857
148 13 0.017857
164 13 0.017857
168 13 0.017857
192 13 0.017857
245 13 0.017857
336 13 0.017857
2 13 0.017857
4 13 0.017857
2 20 0.020833
4 20 0.020833
5 20 0.020833
8 20 0.020833
11 20 0.020833
33 20 0.020833
38 20 0.020833
39 20 0.020833
42 20 0.020833
46 20 0.020833
47 20 0.020833
97 20 0.020833
103 20 0.020833
107 20 0.020833
110 20 0.020833
174 20 0.020833
181 20 0.020833
183 20 0.020833
217 20 0.020833
219 20 0.020833
274 20 0.020833
306 20 0.020833
318 20 0.020833
338 20 0.020833
5 20 0.020833
306 20 0.020833
8 20 0.020833
47 20 0.020833
183 20 0.020833
11 20 0.020833
42 20 0.020833
46 20 0.020833
33 20 0.020833
38 20 0.020833
107 20 0.020833
110 20 0.020833
338 20 0.020833
39 20 0.020833
181 20 0.020833
97 20 0.020833
174 20 0.020833
217 20 0.020833
274 20 0.020833
103 20 0.020833
219 20 0.020833
318 20 0.020833
2 20 0.020833
4 20 0.020833
2 21 0.012821
6 21 0.012821
10 21 0.012821
12 21 0.012821
18 21 0.012821
23 21 0.012821
25 21 0.012821
26 21 0.012821
32 21 0.012821
34 21 0.012821
50 21 0.012821
52 21 0.012821
61 21 0.012821
62 21 0.012821
64 21 0.012821
70 21 0.012821
71 21 0.012821
74 21 0.012821
84 21 0.012821
86 21 0.012821
98 21 0.012821
103 21 0.012821
104 21 0.012821
113 21 0.012821
154 21 0.012821
186 21 0.012821
188 21 0.012821
195 21 0.012821
205 21 0.012821
215 21 0.012821
234 21 0.012821
252 21 0.012821
253 21 0.012821
259 21 0.012821
269 21 0.012821
280 21 0.012821
290 21 0.012821
302 21 0.012821
305 21 0.012821
6 21 0.012821
25 21 0.012821
50 21 0.012821
52 21 0.012821
98 21 0.012821
259 21 0.012821
18 21 0.012821
64 21 0.012821
71 21 0.012821
302 21 0.012821
113 21 0.012821
10 21 0.012821
12 21 0.012821
62 21 0.012821
74 21 0.012821
26 21 0.012821
86 21 0.012821
205 21 0.012821
215 21 0.012821
32 21 0.012821
84 21 0.012821
104 21 0.012821
280 21 0.012821
290 21 0.012821
34 21 0.012821
195 21 0.012821
234 21 0.012821
188 21 0.012821
305 21 0.012821
23 21 0.012821
61 21 0.012821
269 21 0.012821
103 21 0.012821
70 21 0.012821
154 21 0.012821
186 21 0.012821
252 21 0.012821
253 21 0.012821
2 21 0.012821
2 36 0.0625
6 36 0.0625
8 36 0.0625
16 36 0.0625
25 36 0.0625
80 36 0.0625
97 36 0.0625
249 36 0.0625
6 36 0.0625
25 36 0.0625
8 36 0.0625
16 36 0.0625
249 36 0.0625
80 36 0.0625
97 36 0.0625
2 36 0.0625
2 53 0.03125
24 53 0.03125
26 53 0.03125
37 53 0.03125
51 53 0.03125
151 53 0.03125
170 53 0.03125
172 53 0.03125
178 53 0.03125
213 53 0.03125
223 53 0.03125
235 53 0.03125
254 53 0.03125
289 53 0.03125
325 53 0.03125
339 53 0.03125
24 53 0.03125
325 53 0.03125
178 53 0.03125
51 53 0.03125
223 53 0.03125
26 53 0.03125
339 53 0.03125
151 53 0.03125
213 53 0.03125
235 53 0.03125
37 53 0.03125
172 53 0.03125
254 53 0.03125
170 53 0.03125
289 53 0.03125
2 53 0.03125
2 159 0.0625
6 159 0.0625
16 159 0.0625
58 159 0.0625
111 159 0.0625
184 159 0.0625
212 159 0.0625
234 159 0.0625
6 159 0.0625
16 159 0.0625
58 159 0.0625
111 159 0.0625
234 159 0.0625
212 159 0.0625
184 159 0.0625
2 159 0.0625
2 175 0.1
14 175 0.1
56 175 0.1
81 175 0.1
100 175 0.1
81 175 0.1
14 175 0.1
56 175 0.1
100 175 0.1
2 175 0.1
2 178 0.055556
10 178 0.055556
53 178 0.055556
98 178 0.055556
152 178 0.055556
188 178 0.055556
193 178 0.055556
257 178 0.055556
313 178 0.055556
98 178 0.055556
53 178 0.055556
257 178 0.055556
10 178 0.055556
152 178 0.055556
193 178 0.055556
188 178 0.055556
313 178 0.055556
2 178 0.055556
2 183 0.0625
16 183 0.0625
20 183 0.0625
39 183 0.0625
83 183 0.0625
211 183 0.0625
290 183 0.0625
293 183 0.0625
211 183 0.0625
16 183 0.0625
20 183 0.0625
290 183 0.0625
39 183 0.0625
83 183 0.0625
293 183 0.0625
2 183 0.0625
2 185 0.0625
34 185 0.0625
51 185 0.0625
62 185 0.0625
100 185 0.0625
225 185 0.0625
238 185 0.0625
258 185 0.0625
258 185 0.0625
225 185 0.0625
51 185 0.0625
62 185 0.0625
34 185 0.0625
100 185 0.0625
238 185 0.0625
2 185 0.0625
2 194 0.083333
9 194 0.083333
31 194 0.083333
62 194 0.083333
85 194 0.083333
205 194 0.083333
9 194 0.083333
62 194 0.083333
205 194 0.083333
31 194 0.083333
85 194 0.083333
2 194 0.083333
2 202 0.1
12 202 0.1
51 202 0.1
117 202 0.1
187 202 0.1
187 202 0.1
12 202 0.1
51 202 0.1
117 202 0.1
2 202 0.1
2 209 0.1
39 209 0.1
42 209 0.1
111 209 0.1
169 209 0.1
42 209 0.1
39 209 0.1
111 209 0.1
169 209 0.1
2 209 0.1
2 218 0.071429
58 218 0.071429
60 218 0.071429
117 218 0.071429
131 218 0.071429
321 218 0.071429
325 218 0.071429
60 218 0.071429
325 218 0.071429
131 218 0.071429
117 218 0.071429
58 218 0.071429
321 218 0.071429
2 218 0.071429
2 228 0.1
6 228 0.1
104 228 0.1
162 228 0.1
204 228 0.1
6 228 0.1
104 228 0.1
204 228 0.1
162 228 0.1
2 228 0.1
2 244 0.083333
27 244 0.083333
33 244 0.083333
142 244 0.083333
174 244 0.083333
338 244 0.083333
27 244 0.083333
33 244 0.083333
338 244 0.083333
142 244 0.083333
174 244 0.083333
2 244 0.083333
2 257 0.071429
39 257 0.071429
51 257 0.071429
143 257 0.071429
178 257 0.071429
333 257 0.071429
341 257 0.071429
333 257 0.071429
178 257 0.071429
51 257 0.071429
39 257 0.071429
143 257 0.071429
341 257 0.071429
2 257 0.071429
2 302 0.083333
21 302 0.083333
25 302 0.083333
52 302 0.083333
231 302 0.083333
334 302 0.083333
25 302 0.083333
52 302 0.083333
21 302 0.083333
231 302 0.083333
334 302 0.083333
2 302 0.083333
2 308 0.1
78 308 0.1
139 308 0.1
248 308 0.1
284 308 0.1
139 308 0.1
284 308 0.1
78 308 0.1
248 308 0.1
2 308 0.1
2 328 0.1
88 328 0.1
133 328 0.1
189 328 0.1
275 328 0.1
275 328 0.1
189 328 0.1
88 328 0.1
133 328 0.1
2 328 0.1
2 335 0.1
97 335 0.1
115 335 0.1
172 335 0.1
190 335 0.1
190 335 0.1
115 335 0.1
97 335 0.1
172 335 0.1
2 335 0.1
3 35 0.041667
4 35 0.041667
8 35 0.041667
10 35 0.041667
19 35 0.041667
76 35 0.041667
90 35 0.041667
100 35 0.041667
149 35 0.041667
167 35 0.041667
210 35 0.041667
233 35 0.041667
8 35 0.041667
19 35 0.041667
90 35 0.041667
10 35 0.041667
149 35 0.041667
233 35 0.041667
76 35 0.041667
100 35 0.041667
210 35 0.041667
167 35 0.041667
3 35 0.041667
4 35 0.041667
3 90 0.033333
5 90 0.033333
10 90 0.033333
31 90 0.033333
35 90 0.033333
102 90 0.033333
135 90 0.033333
148 90 0.033333
180 90 0.033333
187 90 0.033333
216 90 0.033333
222 90 0.033333
268 90 0.033333
290 90 0.033333
337 90 0.033333
5 90 0.033333
216 90 0.033333
187 90 0.033333
35 90 0.033333
135 90 0.033333
10 90 0.033333
337 90 0.033333
102 90 0.033333
290 90 0.033333
31 90 0.033333
148 90 0.033333
222 90 0.033333
180 90 0.033333
268 90 0.033333
3 90 0.033333
3 113 0.05
5 113 0.05
21 113 0.05
45 113 0.05
105 113 0.05
130 113 0.05
201 113 0.05
280 113 0.05
292 113 0.05
336 113 0.05
5 113 0.05
105 113 0.05
21 113 0.05
45 113 0.05
201 113 0.05
280 113 0.05
336 113 0.05
130 113 0.05
292 113 0.05
3 113 0.05
3 121 0.083333
17 121 0.083333
39 121 0.083333
48 121 0.083333
103 121 0.083333
226 121 0.083333
17 121 0.083333
48 121 0.083333
39 121 0.083333
103 121 0.083333
226 121 0.083333
3 121 0.083333
3 131 0.045455
19 131 0.045455
79 131 0.045455
100 131 0.045455
106 131 0.045455
133 131 0.045455
151 131 0.045455
218 131 0.045455
256 131 0.045455
321 131 0.045455
324 131 0.045455
79 131 0.045455
19 131 0.045455
218 131 0.045455
256 131 0.045455
151 131 0.045455
100 131 0.045455
106 131 0.045455
133 131 0.045455
324 131 0.045455
321 131 0.045455
3 131 0.045455
3 135 0.0625
8 135 0.0625
67 135 0.0625
71 135 0.0625
90 135 0.0625
140 135 0.0625
164 135 0.0625
295 135 0.0625
67 135 0.0625
140 135 0.0625
8 135 0.0625
71 135 0.0625
90 135 0.0625
295 135 0.0625
164 135 0.0625
3 135 0.0625
3 166 0.05
13 166 0.05
15 166 0.05
38 166 0.05
117 166 0.05
230 166 0.05
248 166 0.05
269 166 0.05
277 166 0.05
284 166 0.05
15 166 0.05
13 166 0.05
284 166 0.05
117 166 0.05
38 166 0.05
248 166 0.05
277 166 0.05
269 166 0.05
230 166 0.05
3 166 0.05
3 190 0.071429
9 190 0.071429
10 190 0.071429
11 190 0.071429
79 190 0.071429
227 190 0.071429
335 190 0.071429
79 190 0.071429
9 190 0.071429
335 190 0.071429
10 190 0.071429
11 190 0.071429
227 190 0.071429
3 190 0.071429
3 198 0.083333
5 198 0.083333
8 198 0.083333
51 198 0.083333
174 198 0.083333
334 198 0.083333
5 198 0.083333
8 198 0.083333
51 198 0.083333
174 198 0.083333
334 198 0.083333
3 198 0.083333
3 221 0.071429
5 221 0.071429
25 221 0.071429
140 221 0.071429
196 221 0.071429
255 221 0.071429
332 221 0.071429
5 221 0.071429
25 221 0.071429
140 221 0.071429
332 221 0.071429
196 221 0.071429
255 221 0.071429
3 221 0.071429
3 237 0.071429
5 237 0.071429
59 237 0.071429
84 237 0.071429
95 237 0.071429
298 237 0.071429
336 237 0.071429
5 237 0.071429
95 237 0.071429
298 237 0.071429
59 237 0.071429
84 237 0.071429
336 237 0.071429
3 237 0.071429
3 243 0.1
29 243 0.1
144 243 0.1
213 243 0.1
236 243 0.1
29 243 0.1
213 243 0.1
236 243 0.1
144 243 0.1
3 243 0.1
3 284 0.083333
6 284 0.083333
26 284 0.083333
43 284 0.083333
166 284 0.083333
308 284 0.083333
6 284 0.083333
43 284 0.083333
308 284 0.083333
166 284 0.083333
26 284 0.083333
3 284 0.083333
3 316 0.1
8 316 0.1
19 316 0.1
120 316 0.1
311 316 0.1
120 316 0.1
8 316 0.1
19 316 0.1
311 316 0.1
3 316 0.1
3 330 0.1
10 330 0.1
42 330 0.1
55 330 0.1
105 330 0.1
105 330 0.1
10 330 0.1
42 330 0.1
55 330 0.1
3 330 0.1
3 332 0.1
14 332 0.1
169 332 0.1
221 332 0.1
222 332 0.1
221 332 0.1
14 332 0.1
169 332 0.1
222 332 0.1
3 332 0.1
4 10 0.011905
5 10 0.011905
7 10 0.011905
8 10 0.011905
9 10 0.011905
11 10 0.011905
12 10 0.011905
17 10 0.011905
21 10 0.011905
22 10 0.011905
29 10 0.011905
33 10 0.011905
34 10 0.011905
35 10 0.011905
52 10 0.011905
56 10 0.011905
71 10 0.011905
75 10 0.011905
83 10 0.011905
90 10 0.011905
117 10 0.011905
122 10 0.011905
125 10 0.011905
132 10 0.011905
144 10 0.011905
146 10 0.011905
150 10 0.011905
169 10 0.011905
171 10 0.011905
177 10 0.011905
178 10 0.011905
188 10 0.011905
190 10 0.011905
212 10 0.011905
217 10 0.011905
234 10 0.011905
246 10 0.011905
249 10 0.011905
280 10 0.011905
287 10 0.011905
325 10 0.011905
330 10 0.011905
5 10 0.011905
7 10 0.011905
17 10 0.011905
52 10 0.011905
8 10 0.011905
9 10 0.011905
22 10 0.011905
71 10 0.011905
246 10 0.011905
325 10 0.011905
21 10 0.011905
178 10 0.011905
35 10 0.011905
90 10 0.011905
190 10 0.011905
330 10 0.011905
11 10 0.011905
12 10 0.011905
29 10 0.011905
117 10 0.011905
249 10 0.011905
287 10 0.011905
33 10 0.011905
75 10 0.011905
171 10 0.011905
280 10 0.011905
34 10 0.011905
83 10 0.011905
234 10 0.011905
56 10 0.011905
125 10 0.011905
122 10 0.011905
132 10 0.011905
144 10 0.011905
146 10 0.011905
150 10 0.011905
169 10 0.011905
177 10 0.011905
188 10 0.011905
212 10 0.011905
217 10 0.011905
4 10 0.011905
4 11 0.015625
6 11 0.015625
7 11 0.015625
9 11 0.015625
10 11 0.015625
13 11 0.015625
14 11 0.015625
15 11 0.015625
16 11 0.015625
20 11 0.015625
29 11 0.015625
31 11 0.015625
57 11 0.015625
58 11 0.015625
72 11 0.015625
83 11 0.015625
85 11 0.015625
92 11 0.015625
100 11 0.015625
106 11 0.015625
107 11 0.015625
177 11 0.015625
190 11 0.015625
242 11 0.015625
248 11 0.015625
261 11 0.015625
272 11 0.015625
283 11 0.015625
293 11 0.015625
310 11 0.015625
312 11 0.015625
313 11 0.015625
6 11 0.015625
7 11 0.015625
15 11 0.015625
9 11 0.015625
16 11 0.015625
13 11 0.015625
20 11 0.015625
190 11 0.015625
10 11 0.015625
14 11 0.015625
29 11 0.015625
57 11 0.015625
58 11 0.015625
72 11 0.015625
107 11 0.015625
31 11 0.015625
83 11 0.015625
261 11 0.015625
85 11 0.015625
100 11 0.015625
177 11 0.015625
92 11 0.015625
106 11 0.015625
242 11 0.015625
248 11 0.015625
272 11 0.015625
283 11 0.015625
293 11 0.015625
310 11 0.015625
312 11 0.015625
313 11 0.015625
4 11 0.015625
4 12 0.017857
5 12 0.017857
6 12 0.017857
9 12 0.017857
10 12 0.017857
18 12 0.017857
21 12 0.017857
30 12 0.017857
37 12 0.017857
38 12 0.017857
45 12 0.017857
57 12 0.017857
60 12 0.017857
66 12 0.017857
77 12 0.017857
79 12 0.017857
92 12 0.017857
114 12 0.017857
137 12 0.017857
141 12 0.017857
145 12 0.017857
162 12 0.017857
202 12 0.017857
277 12 0.017857
295 12 0.017857
301 12 0.017857
305 12 0.017857
311 12 0.017857
5 12 0.017857
6 12 0.017857
60 12 0.017857
79 12 0.017857
9 12 0.017857
18 12 0.017857
21 12 0.017857
202 12 0.017857
10 12 0.017857
57 12 0.017857
66 12 0.017857
141 12 0.017857
38 12 0.017857
45 12 0.017857
77 12 0.017857
30 12 0.017857
145 12 0.017857
295 12 0.017857
37 12 0.017857
114 12 0.017857
137 12 0.017857
92 12 0.017857
162 12 0.017857
277 12 0.017857
301 12 0.017857
305 12 0.017857
311 12 0.017857
4 12 0.017857
4 14 0.021739
6 14 0.021739
8 14 0.021739
9 14 0.021739
11 14 0.021739
16 14 0.021739
17 14 0.021739
59 14 0.021739
97 14 0.021739
100 14 0.021739
123 14 0.021739
128 14 0.021739
130 14 0.021739
132 14 0.021739
134 14 0.021739
138 14 0.021739
144 14 0.021739
175 14 0.021739
187 14 0.021739
195 14 0.021739
231 14 0.021739
278 14 0.021739
332 14 0.021739
6 14 0.021739
17 14 0.021739
8 14 0.021739
9 14 0.021739
16 14 0.021739
123 14 0.021739
128 14 0.021739
187 14 0.021739
175 14 0.021739
332 14 0.021739
11 14 0.021739
59 14 0.021739
195 14 0.021739
97 14 0.021739
138 14 0.021739
231 14 0.021739
100 14 0.021739
132 14 0.021739
144 14 0.021739
130 14 0.021739
134 14 0.021739
278 14 0.021739
4 14 0.021739
4 29 0.029412
10 29 0.029412
11 29 0.029412
13 29 0.029412
27 29 0.029412
30 29 0.029412
32 29 0.029412
47 29 0.029412
63 29 0.029412
80 29 0.029412
125 29 0.029412
200 29 0.029412
220 29 0.029412
243 29 0.029412
281 29 0.029412
292 29 0.029412
293 29 0.029412
63 29 0.029412
27 29 0.029412
47 29 0.029412
13 29 0.029412
243 29 0.029412
10 29 0.029412
11 29 0.029412
200 29 0.029412
220 29 0.029412
32 29 0.029412
80 29 0.029412
30 29 0.029412
125 29 0.029412
293 29 0.029412
281 29 0.029412
292 29 0.029412
4 29 0.029412
4 42 0.02381
5 42 0.02381
6 42 0.02381
8 42 0.02381
20 42 0.02381
44 42 0.02381
47 42 0.02381
48 42 0.02381
56 42 0.02381
66 42 0.02381
92 42 0.02381
96 42 0.02381
123 42 0.02381
162 42 0.02381
181 42 0.02381
204 42 0.02381
209 42 0.02381
240 42 0.02381
271 42 0.02381
292 42 0.02381
330 42 0.02381
5 42 0.02381
6 42 0.02381
44 42 0.02381
48 42 0.02381
8 42 0.02381
47 42 0.02381
96 42 0.02381
123 42 0.02381
20 42 0.02381
209 42 0.02381
330 42 0.02381
66 42 0.02381
240 42 0.02381
181 42 0.02381
56 42 0.02381
204 42 0.02381
92 42 0.02381
162 42 0.02381
292 42 0.02381
271 42 0.02381
4 42 0.02381
4 46 0.0625
9 46 0.0625
20 46 0.0625
30 46 0.0625
40 46 0.0625
94 46 0.0625
122 46 0.0625
327 46 0.0625
9 46 0.0625
20 46 0.0625
30 46 0.0625
40 46 0.0625
122 46 0.0625
94 46 0.0625
327 46 0.0625
4 46 0.0625
4 51 0.012821
7 51 0.012821
22 51 0.012821
33 51 0.012821
39 51 0.012821
53 51 0.012821
55 51 0.012821
69 51 0.012821
74 51 0.012821
92 51 0.012821
115 51 0.012821
128 51 0.012821
136 51 0.012821
138 51 0.012821
147 51 0.012821
149 51 0.012821
153 51 0.012821
154 51 0.012821
168 51 0.012821
177 51 0.012821
179 51 0.012821
184 51 0.012821
185 51 0.012821
197 51 0.012821
198 51 0.012821
202 51 0.012821
206 51 0.012821
226 51 0.012821
240 51 0.012821
247 51 0.012821
250 51 0.012821
254 51 0.012821
257 51 0.012821
263 51 0.012821
281 51 0.012821
294 51 0.012821
297 51 0.012821
312 51 0.012821
314 51 0.012821
7 51 0.012821
22 51 0.012821
128 51 0.012821
147 51 0.012821
53 51 0.012821
185 51 0.012821
202 51 0.012821
257 51 0.012821
198 51 0.012821
74 51 0.012821
115 51 0.012821
197 51 0.012821
149 51 0.012821
33 51 0.012821
55 51 0.012821
179 51 0.012821
240 51 0.012821
39 51 0.012821
138 51 0.012821
250 51 0.012821
177 51 0.012821
92 51 0.012821
312 51 0.012821
168 51 0.012821
184 51 0.012821
281 51 0.012821
154 51 0.012821
69 51 0.012821
226 51 0.012821
294 51 0.012821
247 51 0.012821
254 51 0.012821
263 51 0.012821
136 51 0.012821
153 51 0.012821
206 51 0.012821
297 51 0.012821
314 51 0.012821
4 51 0.012821
4 59 0.038462
13 59 0.038462
14 59 0.038462
30 59 0.038462
31 59 0.038462
74 59 0.038462
94 59 0.038462
129 59 0.038462
136 59 0.038462
150 59 0.038462
211 59 0.038462
237 59 0.038462
265 59 0.038462
211 59 0.038462
13 59 0.038462
237 59 0.038462
14 59 0.038462
74 59 0.038462
30 59 0.038462
31 59 0.038462
265 59 0.038462
129 59 0.038462
150 59 0.038462
94 59 0.038462
136 59 0.038462
4 59 0.038462
4 62 0.035714
21 62 0.035714
23 62 0.035714
27 62 0.035714
58 62 0.035714
65 62 0.035714
84 62 0.035714
173 62 0.035714
185 62 0.035714
194 62 0.035714
252 62 0.035714
278 62 0.035714
282 62 0.035714
300 62 0.035714
27 62 0.035714
173 62 0.035714
21 62 0.035714
185 62 0.035714
194 62 0.035714
300 62 0.035714
58 62 0.035714
65 62 0.035714
84 62 0.035714
23 62 0.035714
278 62 0.035714
282 62 0.035714
252 62 0.035714
4 62 0.035714
4 73 0.05
5 73 0.05
17 73 0.05
31 73 0.05
55 73 0.05
100 73 0.05
108 73 0.05
206 73 0.05
222 73 0.05
317 73 0.05
5 73 0.05
17 73 0.05
55 73 0.05
317 73 0.05
31 73 0.05
100 73 0.05
222 73 0.05
108 73 0.05
206 73 0.05
4 73 0.05
4 74 0.0625
7 74 0.0625
21 74 0.0625
51 74 0.0625
59 74 0.0625
161 74 0.0625
206 74 0.0625
232 74 0.0625
7 74 0.0625
161 74 0.0625
21 74 0.0625
51 74 0.0625
59 74 0.0625
232 74 0.0625
206 74 0.0625
4 74 0.0625
4 115 0.035714
5 115 0.035714
31 115 0.035714
51 115 0.035714
55 115 0.035714
116 115 0.035714
142 115 0.035714
154 115 0.035714
157 115 0.035714
172 115 0.035714
191 115 0.035714
214 115 0.035714
219 115 0.035714
335 115 0.035714
5 115 0.035714
214 115 0.035714
335 115 0.035714
51 115 0.035714
191 115 0.035714
55 115 0.035714
157 115 0.035714
31 115 0.035714
142 115 0.035714
172 115 0.035714
219 115 0.035714
154 115 0.035714
116 115 0.035714
4 115 0.035714
4 117 0.03125
9 117 0.03125
10 117 0.03125
31 117 0.03125
37 117 0.03125
124 117 0.03125
166 117 0.03125
170 117 0.03125
187 117 0.03125
189 117 0.03125
202 117 0.03125
218 117 0.03125
229 117 0.03125
283 117 0.03125
293 117 0.03125
307 117 0.03125
9 117 0.03125
187 117 0.03125
202 117 0.03125
218 117 0.03125
166 117 0.03125
10 117 0.03125
189 117 0.03125
307 117 0.03125
31 117 0.03125
229 117 0.03125
37 117 0.03125
283 117 0.03125
293 117 0.03125
124 117 0.03125
170 117 0.03125
4 117 0.03125
4 191 0.083333
13 191 0.083333
106 191 0.083333
115 191 0.083333
122 191 0.083333
210 191 0.083333
13 191 0.083333
115 191 0.083333
122 191 0.083333
106 191 0.083333
210 191 0.083333
4 191 0.083333
4 197 0.1
6 197 0.1
9 197 0.1
19 197 0.1
51 197 0.1
6 197 0.1
9 197 0.1
19 197 0.1
51 197 0.1
4 197 0.1
4 200 0.083333
15 200 0.083333
29 200 0.083333
78 200 0.083333
124 200 0.083333
314 200 0.083333
15 200 0.083333
29 200 0.083333
78 200 0.083333
124 200 0.083333
314 200 0.083333
4 200 0.083333
4 223 0.1
6 223 0.1
45 223 0.1
53 223 0.1
211 223 0.1
6 223 0.1
211 223 0.1
53 223 0.1
45 223 0.1
4 223 0.1
4 256 0.083333
26 256 0.083333
54 256 0.083333
130 256 0.083333
131 256 0.083333
272 256 0.083333
54 256 0.083333
131 256 0.083333
26 256 0.083333
272 256 0.083333
130 256 0.083333
4 256 0.083333
4 266 0.1
5 266 0.1
75 266 0.1
132 266 0.1
242 266 0.1
5 266 0.1
75 266 0.1
132 266 0.1
242 266 0.1
4 266 0.1
4 296 0.083333
40 296 0.083333
167 296 0.083333
233 296 0.083333
262 296 0.083333
321 296 0.083333
233 296 0.083333
40 296 0.083333
262 296 0.083333
167 296 0.083333
321 296 0.083333
4 296 0.083333
5 26 0.021739
6 26 0.021739
8 26 0.021739
18 26 0.021739
21 26 0.021739
37 26 0.021739
53 26 0.021739
54 26 0.021739
61 26 0.021739
78 26 0.021739
83 26 0.021739
158 26 0.021739
161 26 0.021739
192 26 0.021739
211 26 0.021739
212 26 0.021739
219 26 0.021739
249 26 0.021739
255 26 0.021739
256 26 0.021739
262 26 0.021739
284 26 0.021739
294 26 0.021739
5 26 0.021739
6 26 0.021739
161 26 0.021739
211 26 0.021739
8 26 0.021739
18 26 0.021739
54 26 0.021739
21 26 0.021739
53 26 0.021739
284 26 0.021739
256 26 0.021739
249 26 0.021739
78 26 0.021739
83 26 0.021739
158 26 0.021739
37 26 0.021739
212 26 0.021739
61 26 0.021739
192 26 0.021739
219 26 0.021739
255 26 0.021739
262 26 0.021739
294 26 0.021739
5 57 0.038462
9 57 0.038462
11 57 0.038462
12 57 0.038462
22 57 0.038462
105 57 0.038462
120 57 0.038462
167 57 0.038462
193 57 0.038462
250 57 0.038462
265 57 0.038462
276 57 0.038462
287 57 0.038462
5 57 0.038462
120 57 0.038462
9 57 0.038462
22 57 0.038462
105 57 0.038462
11 57 0.038462
12 57 0.038462
287 57 0.038462
193 57 0.038462
265 57 0.038462
250 57 0.038462
276 57 0.038462
167 57 0.038462
5 66 0.0625
12 66 0.0625
33 66 0.0625
42 66 0.0625
55 66 0.0625
78 66 0.0625
81 66 0.0625
216 66 0.0625
5 66 0.0625
81 66 0.0625
216 66 0.0625
12 66 0.0625
42 66 0.0625
33 66 0.0625
55 66 0.0625
78 66 0.0625
5 86 0.041667
6 86 0.041667
21 86 0.041667
28 86 0.041667
49 86 0.041667
108 86 0.041667
118 86 0.041667
144 86 0.041667
225 86 0.041667
232 86 0.041667
261 86 0.041667
331 86 0.041667
5 86 0.041667
6 86 0.041667
28 86 0.041667
225 86 0.041667
21 86 0.041667
118 86 0.041667
49 86 0.041667
261 86 0.041667
144 86 0.041667
232 86 0.041667
108 86 0.041667
331 86 0.041667
5 91 0.045455
13 91 0.045455
23 91 0.045455
48 91 0.045455
55 91 0.045455
96 91 0.045455
112 91 0.045455
114 91 0.045455
127 91 0.045455
163 91 0.045455
271 91 0.045455
5 91 0.045455
48 91 0.045455
96 91 0.045455
13 91 0.045455
163 91 0.045455
55 91 0.045455
114 91 0.045455
23 91 0.045455
127 91 0.045455
271 91 0.045455
112 91 0.045455
5 118 0.1
13 118 0.1
22 118 0.1
23 118 0.1
86 118 0.1
5 118 0.1
22 118 0.1
13 118 0.1
86 118 0.1
23 118 0.1
5 141 0.083333
12 141 0.083333
27 141 0.083333
39 141 0.083333
55 141 0.083333
262 141 0.083333
5 141 0.083333
27 141 0.083333
12 141 0.083333
55 141 0.083333
39 141 0.083333
262 141 0.083333
5 149 0.055556
35 149 0.055556
51 149 0.055556
100 149 0.055556
136 149 0.055556
173 149 0.055556
306 149 0.055556
319 149 0.055556
320 149 0.055556
5 149 0.055556
306 149 0.055556
173 149 0.055556
35 149 0.055556
51 149 0.055556
320 149 0.055556
100 149 0.055556
319 149 0.055556
136 149 0.055556
5 160 0.083333
39 160 0.083333
84 160 0.083333
114 160 0.083333
146 160 0.083333
283 160 0.083333
5 160 0.083333
84 160 0.083333
39 160 0.083333
114 160 0.083333
146 160 0.083333
283 160 0.083333
5 163 0.0625
8 163 0.0625
40 163 0.0625
91 163 0.0625
112 163 0.0625
184 163 0.0625
262 163 0.0625
285 163 0.0625
5 163 0.0625
8 163 0.0625
285 163 0.0625
91 163 0.0625
40 163 0.0625
184 163 0.0625
262 163 0.0625
112 163 0.0625
5 182 0.1
18 182 0.1
23 182 0.1
25 182 0.1
55 182 0.1
5 182 0.1
25 182 0.1
18 182 0.1
55 182 0.1
23 182 0.1
5 205 0.083333
8 205 0.083333
21 205 0.083333
25 205 0.083333
194 205 0.083333
311 205 0.083333
5 205 0.083333
25 205 0.083333
8 205 0.083333
21 205 0.083333
194 205 0.083333
311 205 0.083333
5 215 0.1
21 215 0.1
34 215 0.1
43 215 0.1
92 215 0.1
5 215 0.1
43 215 0.1
21 215 0.1
34 215 0.1
92 215 0.1
5 220 0.1
7 220 0.1
29 220 0.1
63 220 0.1
177 220 0.1
5 220 0.1
7 220 0.1
63 220 0.1
29 220 0.1
177 220 0.1
5 233 0.071429
35 233 0.071429
48 233 0.071429
133 233 0.071429
188 233 0.071429
265 233 0.071429
296 233 0.071429
5 233 0.071429
48 233 0.071429
35 233 0.071429
296 233 0.071429
265 233 0.071429
188 233 0.071429
133 233 0.071429
5 241 0.1
9 241 0.1
84 241 0.1
100 241 0.1
144 241 0.1
5 241 0.1
9 241 0.1
84 241 0.1
100 241 0.1
144 241 0.1
5 249 0.1
10 249 0.1
26 249 0.1
36 249 0.1
144 249 0.1
5 249 0.1
36 249 0.1
10 249 0.1
26 249 0.1
144 249 0.1
5 275 0.071429
56 275 0.071429
71 275 0.071429
83 275 0.071429
89 275 0.071429
328 275 0.071429
339 275 0.071429
5 275 0.071429
89 275 0.071429
71 275 0.071429
328 275 0.071429
339 275 0.071429
83 275 0.071429
56 275 0.071429
5 287 0.1
9 287 0.1
10 287 0.1
39 287 0.1
57 287 0.1
5 287 0.1
9 287 0.1
10 287 0.1
57 287 0.1
39 287 0.1
5 300 0.1
25 300 0.1
44 300 0.1
62 300 0.1
127 300 0.1
5 300 0.1
25 300 0.1
44 300 0.1
62 300 0.1
127 300 0.1
5 320 0.083333
106 320 0.083333
138 320 0.083333
149 320 0.083333
261 320 0.083333
324 320 0.083333
5 320 0.083333
149 320 0.083333
261 320 0.083333
138 320 0.083333
106 320 0.083333
324 320 0.083333
5 326 0.1
27 326 0.1
34 326 0.1
181 326 0.1
225 326 0.1
5 326 0.1
27 326 0.1
225 326 0.1
34 326 0.1
181 326 0.1
5 337 0.1
40 337 0.1
49 337 0.1
71 337 0.1
90 337 0.1
5 337 0.1
71 337 0.1
90 337 0.1
49 337 0.1
40 337 0.1
5 339 0.1
40 339 0.1
48 339 0.1
53 339 0.1
275 339 0.1
5 339 0.1
48 339 0.1
53 339 0.1
275 339 0.1
40 339 0.1
5 340 0.1
18 340 0.1
40 340 0.1
133 340 0.1
181 340 0.1
5 340 0.1
18 340 0.1
181 340 0.1
40 340 0.1
133 340 0.1
6 32 0.038462
13 32 0.038462
17 32 0.038462
21 32 0.038462
29 32 0.038462
33 32 0.038462
76 32 0.038462
77 32 0.038462
85 32 0.038462
170 32 0.038462
304 32 0.038462
325 32 0.038462
341 32 0.038462
6 32 0.038462
17 32 0.038462
325 32 0.038462
13 32 0.038462
21 32 0.038462
29 32 0.038462
33 32 0.038462
76 32 0.038462
77 32 0.038462
85 32 0.038462
341 32 0.038462
170 32 0.038462
304 32 0.038462
6 33 0.025
9 33 0.025
10 33 0.025
20 33 0.025
32 33 0.025
51 33 0.025
63 33 0.025
65 33 0.025
66 33 0.025
69 33 0.025
88 33 0.025
106 33 0.025
133 33 0.025
137 33 0.025
168 33 0.025
224 33 0.025
242 33 0.025
244 33 0.025
276 33 0.025
286 33 0.025
6 33 0.025
63 33 0.025
9 33 0.025
20 33 0.025
244 33 0.025
10 33 0.025
51 33 0.025
66 33 0.025
32 33 0.025
65 33 0.025
137 33 0.025
106 33 0.025
242 33 0.025
168 33 0.025
276 33 0.025
224 33 0.025
69 33 0.025
88 33 0.025
286 33 0.025
133 33 0.025
6 38 0.055556
9 38 0.055556
12 38 0.055556
20 38 0.055556
37 38 0.055556
71 38 0.055556
165 38 0.055556
166 38 0.055556
318 38 0.055556
6 38 0.055556
9 38 0.055556
71 38 0.055556
20 38 0.055556
166 38 0.055556
12 38 0.055556
37 38 0.055556
318 38 0.055556
165 38 0.055556
6 45 0.03125
7 45 0.03125
9 45 0.03125
12 45 0.03125
30 45 0.03125
80 45 0.03125
112 45 0.03125
113 45 0.03125
116 45 0.03125
126 45 0.03125
165 45 0.03125
199 45 0.03125
203 45 0.03125
223 45 0.03125
294 45 0.03125
327 45 0.03125
6 45 0.03125
7 45 0.03125
9 45 0.03125
113 45 0.03125
12 45 0.03125
223 45 0.03125
80 45 0.03125
126 45 0.03125
199 45 0.03125
30 45 0.03125
203 45 0.03125
294 45 0.03125
165 45 0.03125
327 45 0.03125
116 45 0.03125
112 45 0.03125
6 55 0.020833
15 55 0.020833
37 55 0.020833
40 55 0.020833
51 55 0.020833
66 55 0.020833
73 55 0.020833
76 55 0.020833
91 55 0.020833
105 55 0.020833
109 55 0.020833
111 55 0.020833
115 55 0.020833
127 55 0.020833
137 55 0.020833
141 55 0.020833
168 55 0.020833
182 55 0.020833
199 55 0.020833
207 55 0.020833
273 55 0.020833
330 55 0.020833
331 55 0.020833
336 55 0.020833
6 55 0.020833
15 55 0.020833
105 55 0.020833
273 55 0.020833
330 55 0.020833
51 55 0.020833
73 55 0.020833
115 55 0.020833
66 55 0.020833
91 55 0.020833
141 55 0.020833
182 55 0.020833
76 55 0.020833
199 55 0.020833
111 55 0.020833
37 55 0.020833
40 55 0.020833
137 55 0.020833
168 55 0.020833
336 55 0.020833
127 55 0.020833
109 55 0.020833
207 55 0.020833
331 55 0.020833
6 58 0.035714
9 58 0.035714
11 58 0.035714
43 58 0.035714
44 58 0.035714
62 58 0.035714
110 58 0.035714
124 58 0.035714
159 58 0.035714
195 58 0.035714
218 58 0.035714
276 58 0.035714
309 58 0.035714
313 58 0.035714
6 58 0.035714
43 58 0.035714
44 58 0.035714
9 58 0.035714
159 58 0.035714
218 58 0.035714
11 58 0.035714
62 58 0.035714
110 58 0.035714
195 58 0.035714
309 58 0.035714
313 58 0.035714
276 58 0.035714
124 58 0.035714
6 65 0.045455
15 65 0.045455
16 65 0.045455
33 65 0.045455
62 65 0.045455
84 65 0.045455
119 65 0.045455
174 65 0.045455
181 65 0.045455
231 65 0.045455
288 65 0.045455
6 65 0.045455
15 65 0.045455
16 65 0.045455
288 65 0.045455
62 65 0.045455
33 65 0.045455
84 65 0.045455
181 65 0.045455
119 65 0.045455
174 65 0.045455
231 65 0.045455
6 72 0.071429
11 72 0.071429
40 72 0.071429
56 72 0.071429
68 72 0.071429
89 72 0.071429
231 72 0.071429
6 72 0.071429
68 72 0.071429
89 72 0.071429
11 72 0.071429
56 72 0.071429
231 72 0.071429
40 72 0.071429
6 75 0.055556
9 75 0.055556
10 75 0.055556
49 75 0.055556
71 75 0.055556
128 75 0.055556
253 75 0.055556
266 75 0.055556
277 75 0.055556
6 75 0.055556
9 75 0.055556
71 75 0.055556
128 75 0.055556
10 75 0.055556
266 75 0.055556
49 75 0.055556
277 75 0.055556
253 75 0.055556
6 76 0.0625
25 76 0.0625
32 76 0.0625
35 76 0.0625
55 76 0.0625
98 76 0.0625
114 76 0.0625
161 76 0.0625
6 76 0.0625
25 76 0.0625
98 76 0.0625
161 76 0.0625
35 76 0.0625
32 76 0.0625
55 76 0.0625
114 76 0.0625
6 77 0.035714
12 77 0.035714
18 77 0.035714
32 77 0.035714
71 77 0.035714
79 77 0.035714
82 77 0.035714
87 77 0.035714
140 77 0.035714
151 77 0.035714
222 77 0.035714
274 77 0.035714
277 77 0.035714
306 77 0.035714
6 77 0.035714
79 77 0.035714
140 77 0.035714
306 77 0.035714
18 77 0.035714
71 77 0.035714
12 77 0.035714
32 77 0.035714
151 77 0.035714
82 77 0.035714
87 77 0.035714
277 77 0.035714
274 77 0.035714
222 77 0.035714
6 78 0.045455
13 78 0.045455
26 78 0.045455
40 78 0.045455
66 78 0.045455
108 78 0.045455
138 78 0.045455
200 78 0.045455
263 78 0.045455
294 78 0.045455
308 78 0.045455
6 78 0.045455
13 78 0.045455
308 78 0.045455
200 78 0.045455
26 78 0.045455
66 78 0.045455
138 78 0.045455
40 78 0.045455
294 78 0.045455
263 78 0.045455
108 78 0.045455
6 80 0.05
29 80 0.05
36 80 0.05
45 80 0.05
48 80 0.05
95 80 0.05
103 80 0.05
119 80 0.05
143 80 0.05
203 80 0.05
6 80 0.05
48 80 0.05
95 80 0.05
36 80 0.05
29 80 0.05
45 80 0.05
119 80 0.05
143 80 0.05
103 80 0.05
203 80 0.05
6 84 0.038462
21 84 0.038462
62 84 0.038462
65 84 0.038462
81 84 0.038462
101 84 0.038462
160 84 0.038462
237 84 0.038462
239 84 0.038462
241 84 0.038462
283 84 0.038462
291 84 0.038462
292 84 0.038462
6 84 0.038462
81 84 0.038462
291 84 0.038462
101 84 0.038462
21 84 0.038462
237 84 0.038462
62 84 0.038462
160 84 0.038462
241 84 0.038462
65 84 0.038462
283 84 0.038462
239 84 0.038462
292 84 0.038462
6 102 0.045455
9 102 0.045455
27 102 0.045455
61 102 0.045455
90 102 0.045455
126 102 0.045455
133 102 0.045455
155 102 0.045455
164 102 0.045455
196 102 0.045455
260 102 0.045455
6 102 0.045455
9 102 0.045455
27 102 0.045455
90 102 0.045455
126 102 0.045455
196 102 0.045455
61 102 0.045455
164 102 0.045455
155 102 0.045455
260 102 0.045455
133 102 0.045455
6 104 0.0625
8 104 0.0625
19 104 0.0625
21 104 0.0625
87 104 0.0625
106 104 0.0625
228 104 0.0625
269 104 0.0625
6 104 0.0625
8 104 0.0625
19 104 0.0625
21 104 0.0625
228 104 0.0625
87 104 0.0625
106 104 0.0625
269 104 0.0625
6 107 0.071429
11 107 0.071429
15 107 0.071429
20 107 0.071429
25 107 0.071429
132 107 0.071429
226 107 0.071429
6 107 0.071429
15 107 0.071429
25 107 0.071429
20 107 0.071429
11 107 0.071429
132 107 0.071429
226 107 0.071429
6 110 0.055556
18 110 0.055556
20 110 0.055556
24 110 0.055556
58 110 0.055556
116 110 0.055556
189 110 0.055556
297 110 0.055556
315 110 0.055556
6 110 0.055556
18 110 0.055556
24 110 0.055556
20 110 0.055556
58 110 0.055556
189 110 0.055556
116 110 0.055556
297 110 0.055556
315 110 0.055556
6 126 0.1
8 126 0.1
45 126 0.1
83 126 0.1
102 126 0.1
6 126 0.1
8 126 0.1
45 126 0.1
102 126 0.1
83 126 0.1
6 151 0.055556
53 151 0.055556
77 151 0.055556
82 151 0.055556
131 151 0.055556
216 151 0.055556
270 151 0.055556
297 151 0.055556
333 151 0.055556
6 151 0.055556
216 151 0.055556
333 151 0.055556
53 151 0.055556
131 151 0.055556
77 151 0.055556
82 151 0.055556
270 151 0.055556
297 151 0.055556
6 152 0.0625
15 152 0.0625
25 152 0.0625
49 152 0.0625
132 152 0.0625
165 152 0.0625
178 152 0.0625
270 152 0.0625
6 152 0.0625
15 152 0.0625
25 152 0.0625
178 152 0.0625
49 152 0.0625
132 152 0.0625
270 152 0.0625
165 152 0.0625
6 157 0.083333
27 157 0.083333
92 157 0.083333
94 157 0.083333
115 157 0.083333
173 157 0.083333
6 157 0.083333
27 157 0.083333
173 157 0.083333
115 157 0.083333
92 157 0.083333
94 157 0.083333
6 171 0.083333
10 171 0.083333
39 171 0.083333
92 171 0.083333
165 171 0.083333
334 171 0.083333
6 171 0.083333
10 171 0.083333
39 171 0.083333
92 171 0.083333
334 171 0.083333
165 171 0.083333
6 179 0.1
30 179 0.1
51 179 0.1
71 179 0.1
108 179 0.1
6 179 0.1
71 179 0.1
51 179 0.1
30 179 0.1
108 179 0.1
6 189 0.071429
22 189 0.071429
110 189 0.071429
117 189 0.071429
124 189 0.071429
208 189 0.071429
328 189 0.071429
6 189 0.071429
22 189 0.071429
328 189 0.071429
117 189 0.071429
110 189 0.071429
124 189 0.071429
208 189 0.071429
6 193 0.071429
9 193 0.071429
57 193 0.071429
79 193 0.071429
178 193 0.071429
268 193 0.071429
299 193 0.071429
6 193 0.071429
79 193 0.071429
9 193 0.071429
178 193 0.071429
57 193 0.071429
299 193 0.071429
268 193 0.071429
6 196 0.05
27 196 0.05
49 196 0.05
102 196 0.05
155 196 0.05
221 196 0.05
278 196 0.05
279 196 0.05
288 196 0.05
298 196 0.05
6 196 0.05
27 196 0.05
288 196 0.05
298 196 0.05
221 196 0.05
102 196 0.05
49 196 0.05
279 196 0.05
278 196 0.05
155 196 0.05
6 199 0.1
16 199 0.1
45 199 0.1
55 199 0.1
105 199 0.1
6 199 0.1
16 199 0.1
105 199 0.1
45 199 0.1
55 199 0.1
6 201 0.1
27 201 0.1
49 201 0.1
81 201 0.1
113 201 0.1
6 201 0.1
81 201 0.1
27 201 0.1
113 201 0.1
49 201 0.1
6 213 0.071429
31 213 0.071429
37 213 0.071429
53 213 0.071429
89 213 0.071429
238 213 0.071429
243 213 0.071429
6 213 0.071429
89 213 0.071429
53 213 0.071429
243 213 0.071429
31 213 0.071429
37 213 0.071429
238 213 0.071429
6 227 0.083333
137 227 0.083333
147 227 0.083333
150 227 0.083333
190 227 0.083333
289 227 0.083333
6 227 0.083333
147 227 0.083333
190 227 0.083333
137 227 0.083333
150 227 0.083333
289 227 0.083333
6 235 0.083333
17 235 0.083333
53 235 0.083333
81 235 0.083333
144 235 0.083333
278 235 0.083333
6 235 0.083333
17 235 0.083333
81 235 0.083333
53 235 0.083333
144 235 0.083333
278 235 0.083333
6 240 0.1
42 240 0.1
51 240 0.1
71 240 0.1
79 240 0.1
6 240 0.1
79 240 0.1
71 240 0.1
42 240 0.1
51 240 0.1
6 280 0.1
10 280 0.1
21 280 0.1
34 280 0.1
113 280 0.1
6 280 0.1
21 280 0.1
113 280 0.1
10 280 0.1
34 280 0.1
6 290 0.1
21 290 0.1
90 290 0.1
119 290 0.1
183 290 0.1
6 290 0.1
21 290 0.1
183 290 0.1
90 290 0.1
119 290 0.1
6 307 0.1
24 307 0.1
61 307 0.1
93 307 0.1
117 307 0.1
6 307 0.1
24 307 0.1
117 307 0.1
93 307 0.1
61 307 0.1
6 317 0.1
73 317 0.1
99 317 0.1
164 317 0.1
214 317 0.1
6 317 0.1
214 317 0.1
99 317 0.1
73 317 0.1
164 317 0.1
6 338 0.1
20 338 0.1
180 338 0.1
244 338 0.1
294 338 0.1
6 338 0.1
20 338 0.1
244 338 0.1
294 338 0.1
180 338 0.1
7 30 0.038462
12 30 0.038462
18 30 0.038462
24 30 0.038462
29 30 0.038462
45 30 0.038462
46 30 0.038462
59 30 0.038462
88 30 0.038462
120 30 0.038462
179 30 0.038462
263 30 0.038462
276 30 0.038462
7 30 0.038462
120 30 0.038462
18 30 0.038462
24 30 0.038462
12 30 0.038462
29 30 0.038462
46 30 0.038462
59 30 0.038462
45 30 0.038462
179 30 0.038462
276 30 0.038462
88 30 0.038462
263 30 0.038462
7 31 0.026316
9 31 0.026316
11 31 0.026316
16 31 0.026316
23 31 0.026316
59 31 0.026316
73 31 0.026316
90 31 0.026316
95 31 0.026316
109 31 0.026316
115 31 0.026316
117 31 0.026316
119 31 0.026316
124 31 0.026316
147 31 0.026316
165 31 0.026316
194 31 0.026316
213 31 0.026316
282 31 0.026316
7 31 0.026316
95 31 0.026316
9 31 0.026316
16 31 0.026316
147 31 0.026316
194 31 0.026316
90 31 0.026316
11 31 0.026316
59 31 0.026316
73 31 0.026316
115 31 0.026316
117 31 0.026316
213 31 0.026316
119 31 0.026316
23 31 0.026316
282 31 0.026316
124 31 0.026316
109 31 0.026316
165 31 0.026316
7 34 0.027778
8 34 0.027778
10 34 0.027778
21 34 0.027778
23 34 0.027778
109 34 0.027778
129 34 0.027778
130 34 0.027778
185 34 0.027778
192 34 0.027778
207 34 0.027778
212 34 0.027778
215 34 0.027778
239 34 0.027778
280 34 0.027778
323 34 0.027778
326 34 0.027778
327 34 0.027778
7 34 0.027778
8 34 0.027778
21 34 0.027778
185 34 0.027778
10 34 0.027778
215 34 0.027778
326 34 0.027778
280 34 0.027778
129 34 0.027778
212 34 0.027778
23 34 0.027778
192 34 0.027778
130 34 0.027778
239 34 0.027778
109 34 0.027778
207 34 0.027778
323 34 0.027778
327 34 0.027778
7 39 0.019231
19 39 0.019231
20 39 0.019231
24 39 0.019231
27 39 0.019231
40 39 0.019231
48 39 0.019231
51 39 0.019231
85 39 0.019231
93 39 0.019231
111 39 0.019231
121 39 0.019231
133 39 0.019231
134 39 0.019231
141 39 0.019231
154 39 0.019231
160 39 0.019231
171 39 0.019231
176 39 0.019231
183 39 0.019231
209 39 0.019231
257 39 0.019231
267 39 0.019231
287 39 0.019231
303 39 0.019231
323 39 0.019231
7 39 0.019231
48 39 0.019231
19 39 0.019231
24 39 0.019231
27 39 0.019231
20 39 0.019231
183 39 0.019231
209 39 0.019231
257 39 0.019231
121 39 0.019231
51 39 0.019231
141 39 0.019231
160 39 0.019231
287 39 0.019231
171 39 0.019231
93 39 0.019231
111 39 0.019231
303 39 0.019231
40 39 0.019231
85 39 0.019231
134 39 0.019231
154 39 0.019231
176 39 0.019231
133 39 0.019231
323 39 0.019231
267 39 0.019231
7 49 0.026316
8 49 0.026316
9 49 0.026316
16 49 0.026316
27 49 0.026316
67 49 0.026316
75 49 0.026316
81 49 0.026316
82 49 0.026316
86 49 0.026316
109 49 0.026316
112 49 0.026316
152 49 0.026316
196 49 0.026316
201 49 0.026316
242 49 0.026316
262 49 0.026316
281 49 0.026316
337 49 0.026316
7 49 0.026316
67 49 0.026316
81 49 0.026316
8 49 0.026316
9 49 0.026316
16 49 0.026316
27 49 0.026316
86 49 0.026316
337 49 0.026316
75 49 0.026316
152 49 0.026316
196 49 0.026316
201 49 0.026316
82 49 0.026316
242 49 0.026316
281 49 0.026316
262 49 0.026316
109 49 0.026316
112 49 0.026316
7 83 0.05
10 83 0.05
11 83 0.05
26 83 0.05
27 83 0.05
126 83 0.05
183 83 0.05
229 83 0.05
264 83 0.05
275 83 0.05
7 83 0.05
27 83 0.05
183 83 0.05
10 83 0.05
11 83 0.05
26 83 0.05
275 83 0.05
126 83 0.05
229 83 0.05
264 83 0.05
7 93 0.05
13 93 0.05
22 93 0.05
39 93 0.05
64 93 0.05
142 93 0.05
176 93 0.05
270 93 0.05
303 93 0.05
307 93 0.05
7 93 0.05
22 93 0.05
64 93 0.05
13 93 0.05
307 93 0.05
39 93 0.05
142 93 0.05
303 93 0.05
270 93 0.05
176 93 0.05
7 111 0.071429
8 111 0.071429
39 111 0.071429
55 111 0.071429
92 111 0.071429
159 111 0.071429
209 111 0.071429
7 111 0.071429
8 111 0.071429
159 111 0.071429
209 111 0.071429
55 111 0.071429
39 111 0.071429
92 111 0.071429
7 181 0.055556
16 181 0.055556
20 181 0.055556
42 181 0.055556
65 181 0.055556
239 181 0.055556
312 181 0.055556
326 181 0.055556
340 181 0.055556
7 181 0.055556
16 181 0.055556
20 181 0.055556
42 181 0.055556
326 181 0.055556
340 181 0.055556
65 181 0.055556
312 181 0.055556
239 181 0.055556
7 195 0.1
14 195 0.1
21 195 0.1
24 195 0.1
58 195 0.1
7 195 0.1
24 195 0.1
21 195 0.1
14 195 0.1
58 195 0.1
7 234 0.083333
10 234 0.083333
21 234 0.083333
120 234 0.083333
159 234 0.083333
268 234 0.083333
7 234 0.083333
120 234 0.083333
21 234 0.083333
159 234 0.083333
10 234 0.083333
268 234 0.083333
7 236 0.0625
9 236 0.0625
40 236 0.0625
81 236 0.0625
105 236 0.0625
243 236 0.0625
248 236 0.0625
253 236 0.0625
7 236 0.0625
81 236 0.0625
9 236 0.0625
105 236 0.0625
243 236 0.0625
40 236 0.0625
248 236 0.0625
253 236 0.0625
7 261 0.083333
11 261 0.083333
13 261 0.083333
15 261 0.083333
86 261 0.083333
320 261 0.083333
7 261 0.083333
15 261 0.083333
13 261 0.083333
11 261 0.083333
86 261 0.083333
320 261 0.083333
7 279 0.083333
16 279 0.083333
105 279 0.083333
161 279 0.083333
196 279 0.083333
315 279 0.083333
7 279 0.083333
161 279 0.083333
16 279 0.083333
105 279 0.083333
196 279 0.083333
315 279 0.083333
7 299 0.083333
79 299 0.083333
114 299 0.083333
147 299 0.083333
193 299 0.083333
324 299 0.083333
7 299 0.083333
79 299 0.083333
147 299 0.083333
193 299 0.083333
114 299 0.083333
324 299 0.083333
8 56 0.045455
9 56 0.045455
10 56 0.045455
25 56 0.045455
42 56 0.045455
69 56 0.045455
72 56 0.045455
101 56 0.045455
175 56 0.045455
275 56 0.045455
313 56 0.045455
25 56 0.045455
8 56 0.045455
9 56 0.045455
101 56 0.045455
175 56 0.045455
10 56 0.045455
42 56 0.045455
275 56 0.045455
72 56 0.045455
313 56 0.045455
69 56 0.045455
8 82 0.045455
19 82 0.045455
25 82 0.045455
49 82 0.045455
77 82 0.045455
151 82 0.045455
155 82 0.045455
172 82 0.045455
251 82 0.045455
277 82 0.045455
289 82 0.045455
25 82 0.045455
8 82 0.045455
19 82 0.045455
77 82 0.045455
151 82 0.045455
49 82 0.045455
277 82 0.045455
155 82 0.045455
172 82 0.045455
251 82 0.045455
289 82 0.045455
8 87 0.0625
9 87 0.0625
37 87 0.0625
67 87 0.0625
77 87 0.0625
104 87 0.0625
146 87 0.0625
304 87 0.0625
67 87 0.0625
8 87 0.0625
9 87 0.0625
77 87 0.0625
104 87 0.0625
37 87 0.0625
146 87 0.0625
304 87 0.0625
8 97 0.055556
14 97 0.055556
16 97 0.055556
20 97 0.055556
36 97 0.055556
119 97 0.055556
164 97 0.055556
225 97 0.055556
335 97 0.055556
8 97 0.055556
16 97 0.055556
225 97 0.055556
20 97 0.055556
36 97 0.055556
335 97 0.055556
14 97 0.055556
119 97 0.055556
164 97 0.055556
8 119 0.055556
31 119 0.055556
65 119 0.055556
80 119 0.055556
97 119 0.055556
134 119 0.055556
207 119 0.055556
247 119 0.055556
290 119 0.055556
8 119 0.055556
65 119 0.055556
80 119 0.055556
290 119 0.055556
31 119 0.055556
97 119 0.055556
134 119 0.055556
247 119 0.055556
207 119 0.055556
8 125 0.1
10 125 0.1
13 125 0.1
29 125 0.1
81 125 0.1
81 125 0.1
8 125 0.1
13 125 0.1
10 125 0.1
29 125 0.1
8 138 0.038462
14 138 0.038462
51 138 0.038462
78 138 0.038462
112 138 0.038462
143 138 0.038462
150 138 0.038462
156 138 0.038462
210 138 0.038462
217 138 0.038462
239 138 0.038462
245 138 0.038462
320 138 0.038462
8 138 0.038462
14 138 0.038462
51 138 0.038462
320 138 0.038462
78 138 0.038462
143 138 0.038462
150 138 0.038462
217 138 0.038462
245 138 0.038462
239 138 0.038462
210 138 0.038462
112 138 0.038462
156 138 0.038462
8 142 0.071429
48 142 0.071429
60 142 0.071429
93 142 0.071429
115 142 0.071429
244 142 0.071429
253 142 0.071429
48 142 0.071429
60 142 0.071429
8 142 0.071429
244 142 0.071429
115 142 0.071429
93 142 0.071429
253 142 0.071429
8 143 0.055556
18 143 0.055556
25 143 0.055556
80 143 0.055556
138 143 0.055556
148 143 0.055556
257 143 0.055556
273 143 0.055556
274 143 0.055556
25 143 0.055556
8 143 0.055556
18 143 0.055556
273 143 0.055556
257 143 0.055556
80 143 0.055556
138 143 0.055556
148 143 0.055556
274 143 0.055556
8 145 0.083333
12 145 0.083333
17 145 0.083333
48 145 0.083333
103 145 0.083333
270 145 0.083333
17 145 0.083333
48 145 0.083333
8 145 0.083333
12 145 0.083333
270 145 0.083333
103 145 0.083333
8 158 0.1
9 158 0.1
19 158 0.1
26 158 0.1
81 158 0.1
81 158 0.1
8 158 0.1
9 158 0.1
19 158 0.1
26 158 0.1
8 174 0.0625
20 174 0.0625
65 174 0.0625
92 174 0.0625
148 174 0.0625
198 174 0.0625
207 174 0.0625
244 174 0.0625
8 174 0.0625
20 174 0.0625
244 174 0.0625
198 174 0.0625
65 174 0.0625
92 174 0.0625
148 174 0.0625
207 174 0.0625
8 204 0.071429
9 204 0.071429
41 204 0.071429
42 204 0.071429
144 204 0.071429
228 204 0.071429
260 204 0.071429
8 204 0.071429
9 204 0.071429
41 204 0.071429
228 204 0.071429
42 204 0.071429
144 204 0.071429
260 204 0.071429
8 229 0.1
83 229 0.1
117 229 0.1
128 229 0.1
222 229 0.1
8 229 0.1
128 229 0.1
117 229 0.1
83 229 0.1
222 229 0.1
8 231 0.083333
14 231 0.083333
25 231 0.083333
65 231 0.083333
72 231 0.083333
302 231 0.083333
25 231 0.083333
8 231 0.083333
302 231 0.083333
14 231 0.083333
65 231 0.083333
72 231 0.083333
8 265 0.083333
57 265 0.083333
59 265 0.083333
167 265 0.083333
233 265 0.083333
324 265 0.083333
8 265 0.083333
59 265 0.083333
57 265 0.083333
233 265 0.083333
167 265 0.083333
324 265 0.083333
8 295 0.1
12 295 0.1
19 295 0.1
89 295 0.1
135 295 0.1
89 295 0.1
8 295 0.1
19 295 0.1
135 295 0.1
12 295 0.1
8 303 0.1
39 303 0.1
93 303 0.1
100 303 0.1
210 303 0.1
8 303 0.1
39 303 0.1
93 303 0.1
100 303 0.1
210 303 0.1
8 309 0.1
58 309 0.1
89 309 0.1
146 309 0.1
286 309 0.1
89 309 0.1
8 309 0.1
58 309 0.1
146 309 0.1
286 309 0.1
9 37 0.027778
12 37 0.027778
16 37 0.027778
23 37 0.027778
26 37 0.027778
38 37 0.027778
53 37 0.027778
55 37 0.027778
67 37 0.027778
87 37 0.027778
105 37 0.027778
106 37 0.027778
117 37 0.027778
213 37 0.027778
238 37 0.027778
267 37 0.027778
304 37 0.027778
318 37 0.027778
67 37 0.027778
9 37 0.027778
16 37 0.027778
105 37 0.027778
53 37 0.027778
12 37 0.027778
117 37 0.027778
26 37 0.027778
38 37 0.027778
55 37 0.027778
213 37 0.027778
87 37 0.027778
106 37 0.027778
23 37 0.027778
318 37 0.027778
304 37 0.027778
238 37 0.027778
267 37 0.027778
9 40 0.022727
17 40 0.022727
22 40 0.022727
28 40 0.022727
39 40 0.022727
46 40 0.022727
54 40 0.022727
55 40 0.022727
72 40 0.022727
78 40 0.022727
94 40 0.022727
163 40 0.022727
167 40 0.022727
203 40 0.022727
236 40 0.022727
252 40 0.022727
259 40 0.022727
262 40 0.022727
296 40 0.022727
337 40 0.022727
339 40 0.022727
340 40 0.022727
17 40 0.022727
28 40 0.022727
259 40 0.022727
9 40 0.022727
22 40 0.022727
54 40 0.022727
46 40 0.022727
296 40 0.022727
163 40 0.022727
337 40 0.022727
339 40 0.022727
340 40 0.022727
55 40 0.022727
72 40 0.022727
78 40 0.022727
39 40 0.022727
236 40 0.022727
252 40 0.022727
94 40 0.022727
203 40 0.022727
262 40 0.022727
167 40 0.022727
9 85 0.083333
11 85 0.083333
16 85 0.083333
32 85 0.083333
39 85 0.083333
194 85 0.083333
9 85 0.083333
16 85 0.083333
194 85 0.083333
11 85 0.083333
32 85 0.083333
39 85 0.083333
9 100 0.035714
11 100 0.035714
14 100 0.035714
35 100 0.035714
73 100 0.035714
131 100 0.035714
149 100 0.035714
156 100 0.035714
175 100 0.035714
185 100 0.035714
232 100 0.035714
241 100 0.035714
297 100 0.035714
303 100 0.035714
9 100 0.035714
175 100 0.035714
185 100 0.035714
35 100 0.035714
131 100 0.035714
11 100 0.035714
14 100 0.035714
73 100 0.035714
149 100 0.035714
241 100 0.035714
303 100 0.035714
232 100 0.035714
297 100 0.035714
156 100 0.035714
9 114 0.041667
12 114 0.041667
76 114 0.041667
91 114 0.041667
108 114 0.041667
134 114 0.041667
147 114 0.041667
160 114 0.041667
172 114 0.041667
177 114 0.041667
294 114 0.041667
299 114 0.041667
9 114 0.041667
147 114 0.041667
12 114 0.041667
91 114 0.041667
160 114 0.041667
76 114 0.041667
299 114 0.041667
177 114 0.041667
134 114 0.041667
172 114 0.041667
294 114 0.041667
108 114 0.041667
9 122 0.055556
10 122 0.055556
22 122 0.055556
25 122 0.055556
46 122 0.055556
170 122 0.055556
191 122 0.055556
230 122 0.055556
271 122 0.055556
25 122 0.055556
9 122 0.055556
22 122 0.055556
10 122 0.055556
46 122 0.055556
191 122 0.055556
170 122 0.055556
271 122 0.055556
230 122 0.055556
9 129 0.083333
34 129 0.083333
54 129 0.083333
59 129 0.083333
88 129 0.083333
321 129 0.083333
9 129 0.083333
54 129 0.083333
59 129 0.083333
34 129 0.083333
88 129 0.083333
321 129 0.083333
9 132 0.045455
10 132 0.045455
14 132 0.045455
96 132 0.045455
107 132 0.045455
136 132 0.045455
152 132 0.045455
154 132 0.045455
245 132 0.045455
266 132 0.045455
271 132 0.045455
9 132 0.045455
96 132 0.045455
10 132 0.045455
14 132 0.045455
266 132 0.045455
107 132 0.045455
152 132 0.045455
245 132 0.045455
154 132 0.045455
271 132 0.045455
136 132 0.045455
9 137 0.071429
12 137 0.071429
27 137 0.071429
33 137 0.071429
55 137 0.071429
227 137 0.071429
298 137 0.071429
9 137 0.071429
27 137 0.071429
298 137 0.071429
12 137 0.071429
33 137 0.071429
55 137 0.071429
227 137 0.071429
9 250 0.1
51 250 0.1
57 250 0.1
144 250 0.1
161 250 0.1
161 250 0.1
9 250 0.1
51 250 0.1
57 250 0.1
144 250 0.1
9 319 0.1
41 319 0.1
130 319 0.1
149 319 0.1
224 319 0.1
9 319 0.1
41 319 0.1
149 319 0.1
130 319 0.1
224 319 0.1
10 144 0.038462
14 144 0.038462
67 144 0.038462
86 144 0.038462
106 144 0.038462
204 144 0.038462
217 144 0.038462
235 144 0.038462
241 144 0.038462
243 144 0.038462
249 144 0.038462
250 144 0.038462
285 144 0.038462
67 144 0.038462
285 144 0.038462
243 144 0.038462
10 144 0.038462
14 144 0.038462
86 144 0.038462
241 144 0.038462
249 144 0.038462
235 144 0.038462
204 144 0.038462
250 144 0.038462
217 144 0.038462
106 144 0.038462
10 146 0.071429
28 146 0.071429
87 146 0.071429
94 146 0.071429
127 146 0.071429
160 146 0.071429
309 146 0.071429
28 146 0.071429
10 146 0.071429
160 146 0.071429
87 146 0.071429
309 146 0.071429
127 146 0.071429
94 146 0.071429
10 150 0.0625
18 150 0.0625
59 150 0.0625
120 150 0.0625
138 150 0.0625
227 150 0.0625
252 150 0.0625
288 150 0.0625
120 150 0.0625
18 150 0.0625
288 150 0.0625
10 150 0.0625
59 150 0.0625
227 150 0.0625
138 150 0.0625
252 150 0.0625
10 169 0.071429
18 169 0.071429
44 169 0.071429
50 169 0.071429
168 169 0.071429
209 169 0.071429
332 169 0.071429
44 169 0.071429
50 169 0.071429
18 169 0.071429
209 169 0.071429
332 169 0.071429
10 169 0.071429
168 169 0.071429
10 177 0.083333
11 177 0.083333
47 177 0.083333
51 177 0.083333
114 177 0.083333
220 177 0.083333
47 177 0.083333
10 177 0.083333
11 177 0.083333
51 177 0.083333
220 177 0.083333
114 177 0.083333
10 188 0.0625
17 188 0.0625
21 188 0.0625
22 188 0.0625
178 188 0.0625
233 188 0.0625
258 188 0.0625
260 188 0.0625
17 188 0.0625
258 188 0.0625
22 188 0.0625
21 188 0.0625
178 188 0.0625
10 188 0.0625
233 188 0.0625
260 188 0.0625
10 212 0.083333
26 212 0.083333
27 212 0.083333
34 212 0.083333
159 212 0.083333
314 212 0.083333
27 212 0.083333
159 212 0.083333
10 212 0.083333
26 212 0.083333
34 212 0.083333
314 212 0.083333
10 217 0.1
20 217 0.1
54 217 0.1
138 217 0.1
144 217 0.1
54 217 0.1
20 217 0.1
10 217 0.1
138 217 0.1
144 217 0.1
11 92 0.038462
12 92 0.038462
25 92 0.038462
42 92 0.038462
51 92 0.038462
99 92 0.038462
111 92 0.038462
148 92 0.038462
157 92 0.038462
171 92 0.038462
174 92 0.038462
215 92 0.038462
251 92 0.038462
25 92 0.038462
99 92 0.038462
11 92 0.038462
12 92 0.038462
42 92 0.038462
51 92 0.038462
215 92 0.038462
157 92 0.038462
171 92 0.038462
111 92 0.038462
174 92 0.038462
148 92 0.038462
251 92 0.038462
11 106 0.055556
33 106 0.055556
37 106 0.055556
50 106 0.055556
104 106 0.055556
131 106 0.055556
144 106 0.055556
191 106 0.055556
320 106 0.055556
50 106 0.055556
131 106 0.055556
11 106 0.055556
191 106 0.055556
320 106 0.055556
33 106 0.055556
104 106 0.055556
37 106 0.055556
144 106 0.055556
11 242 0.083333
33 242 0.083333
49 242 0.083333
133 242 0.083333
230 242 0.083333
266 242 0.083333
11 242 0.083333
266 242 0.083333
33 242 0.083333
49 242 0.083333
133 242 0.083333
230 242 0.083333
11 248 0.0625
48 248 0.0625
60 248 0.0625
166 248 0.0625
236 248 0.0625
304 248 0.0625
308 248 0.0625
329 248 0.0625
48 248 0.0625
60 248 0.0625
329 248 0.0625
308 248 0.0625
166 248 0.0625
11 248 0.0625
236 248 0.0625
304 248 0.0625
11 272 0.1
95 272 0.1
147 272 0.1
251 272 0.1
256 272 0.1
95 272 0.1
147 272 0.1
11 272 0.1
256 272 0.1
251 272 0.1
11 283 0.1
84 283 0.1
88 283 0.1
117 283 0.1
160 283 0.1
11 283 0.1
117 283 0.1
160 283 0.1
84 283 0.1
88 283 0.1
11 293 0.1
29 293 0.1
117 293 0.1
183 293 0.1
258 293 0.1
258 293 0.1
183 293 0.1
11 293 0.1
29 293 0.1
117 293 0.1
11 310 0.1
43 310 0.1
44 310 0.1
206 310 0.1
268 310 0.1
43 310 0.1
44 310 0.1
11 310 0.1
206 310 0.1
268 310 0.1
11 312 0.1
16 312 0.1
51 312 0.1
123 312 0.1
181 312 0.1
16 312 0.1
123 312 0.1
11 312 0.1
51 312 0.1
181 312 0.1
11 313 0.1
27 313 0.1
56 313 0.1
58 313 0.1
178 313 0.1
27 313 0.1
178 313 0.1
11 313 0.1
58 313 0.1
56 313 0.1
12 162 0.0625
42 162 0.0625
48 162 0.0625
52 162 0.0625
109 162 0.0625
228 162 0.0625
323 162 0.0625
341 162 0.0625
48 162 0.0625
52 162 0.0625
228 162 0.0625
12 162 0.0625
42 162 0.0625
341 162 0.0625
109 162 0.0625
323 162 0.0625
12 277 0.083333
75 277 0.083333
77 277 0.083333
82 277 0.083333
166 277 0.083333
282 277 0.083333
166 277 0.083333
12 277 0.083333
75 277 0.083333
77 277 0.083333
82 277 0.083333
282 277 0.083333
12 301 0.1
25 301 0.1
41 301 0.1
208 301 0.1
254 301 0.1
25 301 0.1
41 301 0.1
12 301 0.1
208 301 0.1
254 301 0.1
12 305 0.1
21 305 0.1
25 305 0.1
48 305 0.1
282 305 0.1
25 305 0.1
48 305 0.1
21 305 0.1
12 305 0.1
282 305 0.1
12 311 0.083333
44 311 0.083333
50 311 0.083333
103 311 0.083333
205 311 0.083333
316 311 0.083333
44 311 0.083333
50 311 0.083333
316 311 0.083333
12 311 0.083333
205 311 0.083333
103 311 0.083333
13 23 0.038462
15 23 0.038462
16 23 0.038462
21 23 0.038462
22 23 0.038462
31 23 0.038462
34 23 0.038462
37 23 0.038462
62 23 0.038462
91 23 0.038462
118 23 0.038462
139 23 0.038462
182 23 0.038462
15 23 0.038462
16 23 0.038462
22 23 0.038462
139 23 0.038462
13 23 0.038462
21 23 0.038462
62 23 0.038462
91 23 0.038462
118 23 0.038462
182 23 0.038462
31 23 0.038462
34 23 0.038462
37 23 0.038462
13 61 0.05
16 61 0.05
21 61 0.05
26 61 0.05
48 61 0.05
102 61 0.05
136 61 0.05
167 61 0.05
307 61 0.05
331 61 0.05
48 61 0.05
16 61 0.05
13 61 0.05
21 61 0.05
26 61 0.05
102 61 0.05
307 61 0.05
167 61 0.05
136 61 0.05
331 61 0.05
13 148 0.0625
43 148 0.0625
90 148 0.0625
92 148 0.0625
143 148 0.0625
174 148 0.0625
230 148 0.0625
285 148 0.0625
43 148 0.0625
285 148 0.0625
13 148 0.0625
90 148 0.0625
143 148 0.0625
174 148 0.0625
92 148 0.0625
230 148 0.0625
13 164 0.071429
71 164 0.071429
97 164 0.071429
102 164 0.071429
135 164 0.071429
222 164 0.071429
317 164 0.071429
71 164 0.071429
13 164 0.071429
135 164 0.071429
102 164 0.071429
317 164 0.071429
97 164 0.071429
222 164 0.071429
13 168 0.071429
22 168 0.071429
33 168 0.071429
51 168 0.071429
55 168 0.071429
169 168 0.071429
263 168 0.071429
22 168 0.071429
13 168 0.071429
51 168 0.071429
33 168 0.071429
55 168 0.071429
169 168 0.071429
263 168 0.071429
13 192 0.1
26 192 0.1
34 192 0.1
67 192 0.1
96 192 0.1
67 192 0.1
96 192 0.1
13 192 0.1
26 192 0.1
34 192 0.1
13 245 0.083333
96 245 0.083333
105 245 0.083333
132 245 0.083333
138 245 0.083333
251 245 0.083333
96 245 0.083333
105 245 0.083333
13 245 0.083333
138 245 0.083333
132 245 0.083333
251 245 0.083333
13 336 0.1
55 336 0.1
113 336 0.1
216 336 0.1
237 336 0.1
216 336 0.1
13 336 0.1
113 336 0.1
237 336 0.1
55 336 0.1
14 130 0.055556
34 130 0.055556
54 130 0.055556
108 130 0.055556
113 130 0.055556
255 130 0.055556
256 130 0.055556
319 130 0.055556
327 130 0.055556
54 130 0.055556
113 130 0.055556
14 130 0.055556
256 130 0.055556
34 130 0.055556
319 130 0.055556
255 130 0.055556
327 130 0.055556
108 130 0.055556
14 134 0.071429
22 134 0.071429
39 134 0.071429
114 134 0.071429
119 134 0.071429
153 134 0.071429
267 134 0.071429
22 134 0.071429
14 134 0.071429
39 134 0.071429
119 134 0.071429
114 134 0.071429
267 134 0.071429
153 134 0.071429
14 278 0.1
62 278 0.1
196 278 0.1
222 278 0.1
235 278 0.1
14 278 0.1
62 278 0.1
196 278 0.1
235 278 0.1
222 278 0.1
16 264 0.1
64 264 0.1
79 264 0.1
83 264 0.1
96 264 0.1
79 264 0.1
16 264 0.1
64 264 0.1
96 264 0.1
83 264 0.1
16 270 0.1
93 270 0.1
145 270 0.1
151 270 0.1
152 270 0.1
16 270 0.1
151 270 0.1
152 270 0.1
93 270 0.1
145 270 0.1
16 276 0.1
30 276 0.1
33 276 0.1
57 276 0.1
58 276 0.1
16 276 0.1
57 276 0.1
33 276 0.1
58 276 0.1
30 276 0.1
16 282 0.083333
31 282 0.083333
62 282 0.083333
156 282 0.083333
277 282 0.083333
305 282 0.083333
16 282 0.083333
62 282 0.083333
31 282 0.083333
277 282 0.083333
305 282 0.083333
156 282 0.083333
17 155 0.071429
25 155 0.071429
82 155 0.071429
102 155 0.071429
133 155 0.071429
196 155 0.071429
208 155 0.071429
17 155 0.071429
25 155 0.071429
102 155 0.071429
196 155 0.071429
82 155 0.071429
208 155 0.071429
133 155 0.071429
17 184 0.1
51 184 0.1
124 184 0.1
159 184 0.1
163 184 0.1
17 184 0.1
159 184 0.1
51 184 0.1
163 184 0.1
124 184 0.1
18 224 0.071429
33 224 0.071429
41 224 0.071429
44 224 0.071429
54 224 0.071429
315 224 0.071429
319 224 0.071429
44 224 0.071429
18 224 0.071429
41 224 0.071429
54 224 0.071429
33 224 0.071429
319 224 0.071429
315 224 0.071429
18 232 0.1
74 232 0.1
86 232 0.1
100 232 0.1
133 232 0.1
18 232 0.1
74 232 0.1
86 232 0.1
100 232 0.1
133 232 0.1
18 239 0.1
34 239 0.1
84 239 0.1
138 239 0.1
181 239 0.1
18 239 0.1
84 239 0.1
34 239 0.1
181 239 0.1
138 239 0.1
18 260 0.1
102 260 0.1
123 260 0.1
188 260 0.1
204 260 0.1
18 260 0.1
123 260 0.1
102 260 0.1
204 260 0.1
188 260 0.1
18 269 0.1
21 269 0.1
28 269 0.1
104 269 0.1
166 269 0.1
28 269 0.1
18 269 0.1
21 269 0.1
166 269 0.1
104 269 0.1
18 281 0.1
29 281 0.1
49 281 0.1
51 281 0.1
186 281 0.1
18 281 0.1
29 281 0.1
51 281 0.1
49 281 0.1
186 281 0.1
18 341 0.1
32 341 0.1
81 341 0.1
162 341 0.1
257 341 0.1
81 341 0.1
18 341 0.1
257 341 0.1
32 341 0.1
162 341 0.1
19 127 0.0625
43 127 0.0625
55 127 0.0625
63 127 0.0625
91 127 0.0625
136 127 0.0625
146 127 0.0625
300 127 0.0625
43 127 0.0625
63 127 0.0625
19 127 0.0625
91 127 0.0625
300 127 0.0625
55 127 0.0625
146 127 0.0625
136 127 0.0625
19 172 0.071429
53 172 0.071429
82 172 0.071429
114 172 0.071429
115 172 0.071429
176 172 0.071429
335 172 0.071429
19 172 0.071429
53 172 0.071429
335 172 0.071429
115 172 0.071429
82 172 0.071429
114 172 0.071429
176 172 0.071429
19 274 0.1
20 274 0.1
63 274 0.1
77 274 0.1
143 274 0.1
63 274 0.1
19 274 0.1
20 274 0.1
77 274 0.1
143 274 0.1
19 322 0.1
64 322 0.1
70 322 0.1
89 322 0.1
98 322 0.1
89 322 0.1
98 322 0.1
19 322 0.1
64 322 0.1
70 322 0.1
20 103 0.0625
21 103 0.0625
24 103 0.0625
80 103 0.0625
89 103 0.0625
121 103 0.0625
145 103 0.0625
311 103 0.0625
89 103 0.0625
24 103 0.0625
20 103 0.0625
21 103 0.0625
121 103 0.0625
80 103 0.0625
145 103 0.0625
311 103 0.0625
20 219 0.083333
26 219 0.083333
98 219 0.083333
112 219 0.083333
115 219 0.083333
333 219 0.083333
98 219 0.083333
333 219 0.083333
20 219 0.083333
115 219 0.083333
26 219 0.083333
112 219 0.083333
20 318 0.1
37 318 0.1
38 318 0.1
124 318 0.1
254 318 0.1
20 318 0.1
38 318 0.1
37 318 0.1
124 318 0.1
254 318 0.1
21 70 0.083333
24 70 0.083333
25 70 0.083333
50 70 0.083333
67 70 0.083333
322 70 0.083333
25 70 0.083333
50 70 0.083333
67 70 0.083333
24 70 0.083333
21 70 0.083333
322 70 0.083333
21 154 0.1
39 154 0.1
51 154 0.1
115 154 0.1
132 154 0.1
21 154 0.1
51 154 0.1
115 154 0.1
39 154 0.1
132 154 0.1
21 186 0.083333
27 186 0.083333
28 186 0.083333
167 186 0.083333
176 186 0.083333
281 186 0.083333
28 186 0.083333
27 186 0.083333
21 186 0.083333
281 186 0.083333
176 186 0.083333
167 186 0.083333
21 252 0.1
40 252 0.1
62 252 0.1
128 252 0.1
150 252 0.1
128 252 0.1
21 252 0.1
62 252 0.1
40 252 0.1
150 252 0.1
21 253 0.1
75 253 0.1
95 253 0.1
142 253 0.1
236 253 0.1
95 253 0.1
21 253 0.1
75 253 0.1
236 253 0.1
142 253 0.1
22 69 0.1
24 69 0.1
33 69 0.1
51 69 0.1
56 69 0.1
22 69 0.1
24 69 0.1
51 69 0.1
33 69 0.1
56 69 0.1
22 226 0.1
51 226 0.1
94 226 0.1
107 226 0.1
121 226 0.1
22 226 0.1
121 226 0.1
51 226 0.1
107 226 0.1
94 226 0.1
24 88 0.045455
30 88 0.045455
33 88 0.045455
43 88 0.045455
63 88 0.045455
116 88 0.045455
129 88 0.045455
153 88 0.045455
180 88 0.045455
283 88 0.045455
328 88 0.045455
43 88 0.045455
63 88 0.045455
24 88 0.045455
328 88 0.045455
33 88 0.045455
30 88 0.045455
129 88 0.045455
283 88 0.045455
116 88 0.045455
153 88 0.045455
180 88 0.045455
24 94 0.033333
40 94 0.033333
46 94 0.033333
59 94 0.033333
60 94 0.033333
98 94 0.033333
128 94 0.033333
146 94 0.033333
153 94 0.033333
157 94 0.033333
226 94 0.033333
238 94 0.033333
258 94 0.033333
323 94 0.033333
324 94 0.033333
60 94 0.033333
98 94 0.033333
258 94 0.033333
24 94 0.033333
128 94 0.033333
46 94 0.033333
59 94 0.033333
157 94 0.033333
40 94 0.033333
146 94 0.033333
226 94 0.033333
323 94 0.033333
238 94 0.033333
153 94 0.033333
324 94 0.033333
25 124 0.05
28 124 0.05
31 124 0.05
58 124 0.05
117 124 0.05
184 124 0.05
189 124 0.05
200 124 0.05
273 124 0.05
318 124 0.05
25 124 0.05
28 124 0.05
273 124 0.05
117 124 0.05
200 124 0.05
58 124 0.05
189 124 0.05
31 124 0.05
184 124 0.05
318 124 0.05
25 176 0.0625
27 176 0.0625
39 176 0.0625
93 176 0.0625
172 176 0.0625
186 176 0.0625
207 176 0.0625
259 176 0.0625
25 176 0.0625
259 176 0.0625
27 176 0.0625
39 176 0.0625
93 176 0.0625
172 176 0.0625
186 176 0.0625
207 176 0.0625
25 203 0.1
40 203 0.1
45 203 0.1
63 203 0.1
80 203 0.1
25 203 0.1
63 203 0.1
45 203 0.1
80 203 0.1
40 203 0.1
25 208 0.083333
128 208 0.083333
155 208 0.083333
161 208 0.083333
189 208 0.083333
301 208 0.083333
25 208 0.083333
161 208 0.083333
128 208 0.083333
189 208 0.083333
301 208 0.083333
155 208 0.083333
25 251 0.083333
82 251 0.083333
92 251 0.083333
245 251 0.083333
247 251 0.083333
272 251 0.083333
25 251 0.083333
82 251 0.083333
92 251 0.083333
272 251 0.083333
245 251 0.083333
247 251 0.083333
26 255 0.083333
44 255 0.083333
130 255 0.083333
139 255 0.083333
221 255 0.083333
263 255 0.083333
44 255 0.083333
139 255 0.083333
221 255 0.083333
26 255 0.083333
130 255 0.083333
263 255 0.083333
26 262 0.083333
40 262 0.083333
49 262 0.083333
141 262 0.083333
163 262 0.083333
296 262 0.083333
296 262 0.083333
26 262 0.083333
141 262 0.083333
163 262 0.083333
49 262 0.083333
40 262 0.083333
26 294 0.083333
45 294 0.083333
51 294 0.083333
78 294 0.083333
114 294 0.083333
338 294 0.083333
51 294 0.083333
26 294 0.083333
45 294 0.083333
78 294 0.083333
338 294 0.083333
114 294 0.083333
27 109 0.083333
31 109 0.083333
34 109 0.083333
49 109 0.083333
55 109 0.083333
162 109 0.083333
27 109 0.083333
55 109 0.083333
31 109 0.083333
34 109 0.083333
49 109 0.083333
162 109 0.083333
27 247 0.071429
51 247 0.071429
105 247 0.071429
119 247 0.071429
206 247 0.071429
251 247 0.071429
334 247 0.071429
27 247 0.071429
105 247 0.071429
51 247 0.071429
119 247 0.071429
251 247 0.071429
334 247 0.071429
206 247 0.071429
27 286 0.071429
33 286 0.071429
52 286 0.071429
147 286 0.071429
153 286 0.071429
291 286 0.071429
309 286 0.071429
52 286 0.071429
291 286 0.071429
27 286 0.071429
147 286 0.071429
33 286 0.071429
309 286 0.071429
153 286 0.071429
28 210 0.083333
35 210 0.083333
99 210 0.083333
138 210 0.083333
191 210 0.083333
303 210 0.083333
28 210 0.083333
99 210 0.083333
35 210 0.083333
191 210 0.083333
138 210 0.083333
303 210 0.083333
28 222 0.055556
73 222 0.055556
77 222 0.055556
90 222 0.055556
164 222 0.055556
229 222 0.055556
258 222 0.055556
278 222 0.055556
332 222 0.055556
28 222 0.055556
258 222 0.055556
90 222 0.055556
332 222 0.055556
73 222 0.055556
77 222 0.055556
229 222 0.055556
164 222 0.055556
278 222 0.055556
28 254 0.0625
51 254 0.0625
53 254 0.0625
54 254 0.0625
89 254 0.0625
292 254 0.0625
301 254 0.0625
318 254 0.0625
28 254 0.0625
89 254 0.0625
54 254 0.0625
53 254 0.0625
51 254 0.0625
301 254 0.0625
318 254 0.0625
292 254 0.0625
28 334 0.1
171 334 0.1
198 334 0.1
247 334 0.1
302 334 0.1
28 334 0.1
302 334 0.1
198 334 0.1
171 334 0.1
247 334 0.1
29 292 0.1
42 292 0.1
84 292 0.1
113 292 0.1
254 292 0.1
113 292 0.1
29 292 0.1
42 292 0.1
84 292 0.1
254 292 0.1
30 263 0.1
51 263 0.1
78 263 0.1
168 263 0.1
255 263 0.1
51 263 0.1
78 263 0.1
30 263 0.1
168 263 0.1
255 263 0.1
31 165 0.071429
38 165 0.071429
45 165 0.071429
89 165 0.071429
152 165 0.071429
171 165 0.071429
289 165 0.071429
89 165 0.071429
38 165 0.071429
45 165 0.071429
152 165 0.071429
171 165 0.071429
31 165 0.071429
289 165 0.071429
32 170 0.1
53 170 0.1
98 170 0.1
117 170 0.1
122 170 0.1
98 170 0.1
53 170 0.1
117 170 0.1
32 170 0.1
122 170 0.1
32 304 0.1
37 304 0.1
87 304 0.1
112 304 0.1
248 304 0.1
32 304 0.1
87 304 0.1
37 304 0.1
248 304 0.1
112 304 0.1
33 133 0.041667
39 133 0.041667
102 133 0.041667
105 133 0.041667
131 133 0.041667
155 133 0.041667
230 133 0.041667
232 133 0.041667
233 133 0.041667
242 133 0.041667
328 133 0.041667
340 133 0.041667
105 133 0.041667
328 133 0.041667
131 133 0.041667
233 133 0.041667
340 133 0.041667
33 133 0.041667
102 133 0.041667
39 133 0.041667
242 133 0.041667
155 133 0.041667
232 133 0.041667
230 133 0.041667
34 207 0.1
55 207 0.1
119 207 0.1
174 207 0.1
176 207 0.1
55 207 0.1
34 207 0.1
119 207 0.1
174 207 0.1
176 207 0.1
34 323 0.1
39 323 0.1
94 323 0.1
162 323 0.1
258 323 0.1
258 323 0.1
34 323 0.1
39 323 0.1
162 323 0.1
94 323 0.1
34 327 0.1
45 327 0.1
46 327 0.1
112 327 0.1
130 327 0.1
46 327 0.1
45 327 0.1
34 327 0.1
130 327 0.1
112 327 0.1
35 167 0.055556
40 167 0.055556
57 167 0.055556
61 167 0.055556
120 167 0.055556
186 167 0.055556
265 167 0.055556
296 167 0.055556
331 167 0.055556
120 167 0.055556
35 167 0.055556
296 167 0.055556
57 167 0.055556
265 167 0.055556
40 167 0.055556
61 167 0.055556
186 167 0.055556
331 167 0.055556
37 238 0.1
94 238 0.1
96 238 0.1
185 238 0.1
213 238 0.1
96 238 0.1
185 238 0.1
213 238 0.1
37 238 0.1
94 238 0.1
37 267 0.083333
39 267 0.083333
44 267 0.083333
134 267 0.083333
206 267 0.083333
289 267 0.083333
44 267 0.083333
39 267 0.083333
37 267 0.083333
134 267 0.083333
206 267 0.083333
289 267 0.083333
42 271 0.1
91 271 0.1
120 271 0.1
122 271 0.1
132 271 0.1
120 271 0.1
42 271 0.1
91 271 0.1
122 271 0.1
132 271 0.1
43 116 0.1
45 116 0.1
88 116 0.1
110 116 0.1
115 116 0.1
43 116 0.1
115 116 0.1
45 116 0.1
110 116 0.1
88 116 0.1
45 112 0.045455
49 112 0.045455
52 112 0.045455
91 112 0.045455
105 112 0.045455
138 112 0.045455
163 112 0.045455
219 112 0.045455
304 112 0.045455
314 112 0.045455
327 112 0.045455
52 112 0.045455
105 112 0.045455
91 112 0.045455
163 112 0.045455
45 112 0.045455
49 112 0.045455
138 112 0.045455
219 112 0.045455
304 112 0.045455
327 112 0.045455
314 112 0.045455
48 108 0.0625
50 108 0.0625
73 108 0.0625
78 108 0.0625
86 108 0.0625
114 108 0.0625
130 108 0.0625
179 108 0.0625
48 108 0.0625
50 108 0.0625
73 108 0.0625
86 108 0.0625
78 108 0.0625
179 108 0.0625
114 108 0.0625
130 108 0.0625
51 136 0.0625
59 136 0.0625
61 136 0.0625
127 136 0.0625
132 136 0.0625
149 136 0.0625
268 136 0.0625
321 136 0.0625
51 136 0.0625
59 136 0.0625
149 136 0.0625
132 136 0.0625
61 136 0.0625
127 136 0.0625
268 136 0.0625
321 136 0.0625
51 153 0.071429
88 153 0.071429
94 153 0.071429
134 153 0.071429
147 153 0.071429
230 153 0.071429
286 153 0.071429
147 153 0.071429
51 153 0.071429
134 153 0.071429
88 153 0.071429
94 153 0.071429
286 153 0.071429
230 153 0.071429
51 206 0.055556
73 206 0.055556
74 206 0.055556
123 206 0.055556
173 206 0.055556
247 206 0.055556
267 206 0.055556
268 206 0.055556
310 206 0.055556
123 206 0.055556
173 206 0.055556
51 206 0.055556
73 206 0.055556
74 206 0.055556
310 206 0.055556
247 206 0.055556
267 206 0.055556
268 206 0.055556
51 297 0.083333
100 297 0.083333
110 297 0.083333
128 297 0.083333
151 297 0.083333
315 297 0.083333
128 297 0.083333
51 297 0.083333
110 297 0.083333
151 297 0.083333
100 297 0.083333
315 297 0.083333
51 314 0.1
60 314 0.1
112 314 0.1
200 314 0.1
212 314 0.1
60 314 0.1
51 314 0.1
200 314 0.1
212 314 0.1
112 314 0.1
53 289 0.1
82 289 0.1
165 289 0.1
227 289 0.1
267 289 0.1
53 289 0.1
227 289 0.1
82 289 0.1
165 289 0.1
267 289 0.1
54 156 0.083333
71 156 0.083333
98 156 0.083333
100 156 0.083333
138 156 0.083333
282 156 0.083333
98 156 0.083333
54 156 0.083333
71 156 0.083333
138 156 0.083333
100 156 0.083333
282 156 0.083333
55 331 0.1
61 331 0.1
81 331 0.1
86 331 0.1
167 331 0.1
81 331 0.1
86 331 0.1
55 331 0.1
61 331 0.1
167 331 0.1
60 180 0.083333
88 180 0.083333
90 180 0.083333
128 180 0.083333
161 180 0.083333
338 180 0.083333
60 180 0.083333
161 180 0.083333
128 180 0.083333
90 180 0.083333
338 180 0.083333
88 180 0.083333
90 268 0.083333
136 268 0.083333
193 268 0.083333
206 268 0.083333
234 268 0.083333
310 268 0.083333
90 268 0.083333
193 268 0.083333
234 268 0.083333
310 268 0.083333
136 268 0.083333
206 268 0.083333
94 324 0.1
131 324 0.1
265 324 0.1
299 324 0.1
320 324 0.1
131 324 0.1
320 324 0.1
299 324 0.1
265 324 0.1
94 324 0.1
110 315 0.1
128 315 0.1
224 315 0.1
279 315 0.1
297 315 0.1
128 315 0.1
110 315 0.1
279 315 0.1
224 315 0.1
297 315 0.1
122 230 0.083333
133 230 0.083333
148 230 0.083333
153 230 0.083333
166 230 0.083333
242 230 0.083333
166 230 0.083333
122 230 0.083333
242 230 0.083333
148 230 0.083333
133 230 0.083333
153 230 0.083333
129 321 0.1
131 321 0.1
136 321 0.1
218 321 0.1
296 321 0.1
218 321 0.1
131 321 0.1
296 321 0.1
129 321 0.1
136 321 0.1
5 0 0.015152
6 0 0.015152
7 0 0.015152
15 0 0.015152
17 0 0.015152
25 0 0.015152
28 0 0.015152
43 0 0.015152
44 0 0.015152
48 0 0.015152
50 0 0.015152
52 0 0.015152
60 0 0.015152
63 0 0.015152
67 0 0.015152
68 0 0.015152
79 0 0.015152
81 0 0.015152
89 0 0.015152
95 0 0.015152
98 0 0.015152
120 0 0.015152
140 0 0.015152
161 0 0.015152
211 0 0.015152
214 0 0.015152
216 0 0.015152
258 0 0.015152
259 0 0.015152
291 0 0.015152
306 0 0.015152
329 0 0.015152
333 0 0.015152
5 0 0.015152
6 0 0.015152
7 0 0.015152
15 0 0.015152
17 0 0.015152
25 0 0.015152
28 0 0.015152
43 0 0.015152
44 0 0.015152
48 0 0.015152
50 0 0.015152
52 0 0.015152
60 0 0.015152
63 0 0.015152
67 0 0.015152
68 0 0.015152
79 0 0.015152
81 0 0.015152
89 0 0.015152
95 0 0.015152
98 0 0.015152
120 0 0.015152
140 0 0.015152
161 0 0.015152
211 0 0.015152
214 0 0.015152
216 0 0.015152
258 0 0.015152
259 0 0.015152
291 0 0.015152
306 0 0.015152
329 0 0.015152
333 0 0.015152
5 1 0.014706
6 1 0.014706
8 1 0.014706
9 1 0.014706
16 1 0.014706
18 1 0.014706
19 1 0.014706
22 1 0.014706
24 1 0.014706
27 1 0.014706
41 1 0.014706
47 1 0.014706
54 1 0.014706
64 1 0.014706
68 1 0.014706
71 1 0.014706
81 1 0.014706
96 1 0.014706
99 1 0.014706
101 1 0.014706
105 1 0.014706
123 1 0.014706
128 1 0.014706
139 1 0.014706
147 1 0.014706
173 1 0.014706
187 1 0.014706
225 1 0.014706
246 1 0.014706
273 1 0.014706
285 1 0.014706
288 1 0.014706
298 1 0.014706
325 1 0.014706
5 1 0.014706
6 1 0.014706
68 1 0.014706
81 1 0.014706
8 1 0.014706
9 1 0.014706
16 1 0.014706
18 1 0.014706
19 1 0.014706
22 1 0.014706
24 1 0.014706
27 1 0.014706
41 1 0.014706
47 1 0.014706
54 1 0.014706
64 1 0.014706
71 1 0.014706
96 1 0.014706
99 1 0.014706
101 1 0.014706
105 1 0.014706
123 1 0.014706
128 1 0.014706
139 1 0.014706
147 1 0.014706
173 1 0.014706
187 1 0.014706
225 1 0.014706
246 1 0.014706
273 1 0.014706
285 1 0.014706
288 1 0.014706
298 1 0.014706
325 1 0.014706
5 2 0.013889
6 2 0.013889
7 2 0.013889
9 2 0.013889
13 2 0.013889
16 2 0.013889
18 2 0.013889
19 2 0.013889
20 2 0.013889
21 2 0.013889
22 2 0.013889
24 2 0.013889
28 2 0.013889
36 2 0.013889
41 2 0.013889
52 2 0.013889
53 2 0.013889
159 2 0.013889
161 2 0.013889
175 2 0.013889
178 2 0.013889
183 2 0.013889
185 2 0.013889
187 2 0.013889
194 2 0.013889
202 2 0.013889
209 2 0.013889
218 2 0.013889
228 2 0.013889
244 2 0.013889
257 2 0.013889
298 2 0.013889
302 2 0.013889
308 2 0.013889
328 2 0.013889
335 2 0.013889
5 2 0.013889
6 2 0.013889
7 2 0.013889
28 2 0.013889
52 2 0.013889
161 2 0.013889
9 2 0.013889
16 2 0.013889
18 2 0.013889
19 2 0.013889
22 2 0.013889
24 2 0.013889
41 2 0.013889
187 2 0.013889
298 2 0.013889
13 2 0.013889
20 2 0.013889
21 2 0.013889
36 2 0.013889
53 2 0.013889
159 2 0.013889
175 2 0.013889
178 2 0.013889
183 2 0.013889
185 2 0.013889
194 2 0.013889
202 2 0.013889
209 2 0.013889
218 2 0.013889
228 2 0.013889
244 2 0.013889
257 2 0.013889
302 2 0.013889
308 2 0.013889
328 2 0.013889
335 2 0.013889
5 3 0.021739
7 3 0.021739
8 3 0.021739
19 3 0.021739
35 3 0.021739
44 3 0.021739
89 3 0.021739
90 3 0.021739
105 3 0.021739
113 3 0.021739
121 3 0.021739
131 3 0.021739
135 3 0.021739
166 3 0.021739
190 3 0.021739
198 3 0.021739
221 3 0.021739
237 3 0.021739
243 3 0.021739
284 3 0.021739
316 3 0.021739
330 3 0.021739
332 3 0.021739
5 3 0.021739
7 3 0.021739
44 3 0.021739
89 3 0.021739
8 3 0.021739
19 3 0.021739
105 3 0.021739
35 3 0.021739
90 3 0.021739
113 3 0.021739
121 3 0.021739
131 3 0.021739
135 3 0.021739
166 3 0.021739
190 3 0.021739
198 3 0.021739
221 3 0.021739
237 3 0.021739
243 3 0.021739
284 3 0.021739
316 3 0.021739
330 3 0.021739
332 3 0.021739
5 4 0.015152
6 4 0.015152
10 4 0.015152
11 4 0.015152
12 4 0.015152
13 4 0.015152
14 4 0.015152
19 4 0.015152
20 4 0.015152
27 4 0.015152
29 4 0.015152
35 4 0.015152
42 4 0.015152
46 4 0.015152
51 4 0.015152
54 4 0.015152
59 4 0.015152
62 4 0.015152
73 4 0.015152
74 4 0.015152
99 4 0.015152
115 4 0.015152
117 4 0.015152
123 4 0.015152
147 4 0.015152
191 4 0.015152
197 4 0.015152
200 4 0.015152
223 4 0.015152
256 4 0.015152
266 4 0.015152
296 4 0.015152
329 4 0.015152
5 4 0.015152
6 4 0.015152
329 4 0.015152
19 4 0.015152
27 4 0.015152
54 4 0.015152
99 4 0.015152
123 4 0.015152
147 4 0.015152
13 4 0.015152
20 4 0.015152
35 4 0.015152
10 4 0.015152
11 4 0.015152
12 4 0.015152
14 4 0.015152
29 4 0.015152
42 4 0.015152
46 4 0.015152
51 4 0.015152
59 4 0.015152
62 4 0.015152
73 4 0.015152
74 4 0.015152
115 4 0.015152
117 4 0.015152
191 4 0.015152
197 4 0.015152
200 4 0.015152
223 4 0.015152
256 4 0.015152
266 4 0.015152
296 4 0.015152
